0.166449069977 0.0 0.0
0.185883045197 247.93 112.07
0.202867031097 247.95 112.09
0.217747926712 247.99 112.13
0.234039068222 247.9 112.04
0.248939037323 247.91 112.05
0.264868021011 247.93 112.07
0.27952504158 247.93 112.07
0.295408010483 248.01 112.15
0.309958934784 247.97 112.11
0.325825929642 247.89 112.03
0.340604066849 247.91 112.05
0.356646060944 247.95 112.09
0.37131690979 247.97 112.11
0.387294054031 247.91 112.05
0.402018070221 247.96 112.1
0.418132066727 247.92 112.06
0.432724952698 247.9 112.04
0.448685884476 247.89 112.03
0.463413000107 247.95 112.09
0.478281021118 247.99 112.13
0.49209189415 247.99 112.13
0.506912946701 247.98 112.12
0.520616054535 247.63 111.77
0.535670042038 247.89 112.03
0.549231052399 247.94 112.08
0.564111948013 247.9 112.04
0.578783035278 247.93 112.07
0.594798088074 247.91 112.05
0.60947394371 248.0 112.14
0.625504016876 247.91 112.05
0.64026093483 248.03 112.17
0.65619802475 247.93 112.07
0.67089009285 247.94 112.08
0.686685085297 247.91 112.05
0.701271057129 247.96 112.1
0.717308044434 247.94 112.08
0.732110977173 247.93 112.07
0.748063087463 247.56 111.7
0.762666940689 247.99 112.13
0.778825998306 247.93 112.07
0.793631076813 248.0 112.14
0.809588909149 247.99 112.13
0.82435798645 247.82 111.96
0.840074062347 247.98 112.12
0.854737043381 247.71 111.85
0.870641946793 247.6 111.74
0.885361909866 247.96 112.1
0.901295900345 247.89 112.03
0.915934085846 247.95 112.09
0.931832075119 247.98 112.12
0.946594953537 247.91 112.05
0.962023973465 247.67 111.81
0.975584030151 247.98 112.12
0.990511894226 247.93 112.07
1.0041410923 247.94 112.08
1.01933908463 247.9 112.04
1.0329580307 247.97 112.11
1.04779696465 247.98 112.12
1.06133890152 247.92 112.06
1.07636094093 248.0 112.14
1.089812994 247.61 111.75
1.10474610329 247.98 112.12
1.11832499504 247.98 112.12
1.13324594498 247.89 112.03
1.1468501091 247.97 112.11
1.16178488731 247.95 112.09
1.17538094521 248.03 112.17
1.19038510323 247.97 112.11
1.20409488678 247.93 112.07
1.21878290176 247.94 112.08
1.23236894608 247.92 112.06
1.24708294868 247.92 112.06
1.26058101654 247.91 112.05
1.27545499802 247.92 112.06
1.28904509544 248.04 112.18
1.30382108688 247.92 112.06
1.31729006767 247.95 112.09
1.33212995529 247.91 112.05
1.34564995766 247.98 112.12
1.36050009727 247.95 112.09
1.37406396866 247.98 112.12
1.38891601562 248.02 112.16
1.4024310112 247.95 112.09
1.41730904579 247.93 112.07
1.43096399307 247.88 112.02
1.44584298134 247.98 112.12
1.4594810009 248.0 112.14
1.47435092926 247.89 112.03
1.48789000511 247.98 112.12
1.50285506248 247.89 112.03
1.51638388634 247.96 112.1
1.53119301796 247.95 112.09
1.5449180603 247.97 112.11
1.55980801582 247.98 112.12
1.57337498665 247.95 112.09
1.58821988106 247.97 112.11
1.60178804398 247.89 112.03
1.61664891243 247.93 112.07
1.63021588326 247.95 112.09
1.64511799812 247.94 112.08
1.65872788429 247.78 111.92
1.67347502708 247.93 112.07
1.68710708618 247.91 112.05
1.70203590393 247.95 112.09
1.71554899216 248.01 112.15
1.73043203354 247.91 112.05
1.74402809143 247.6 111.74
1.75882792473 247.56 111.7
1.77242207527 247.95 112.09
1.78716301918 247.98 112.12
1.80083107948 248.05 112.19
1.81574106216 247.98 112.12
1.82956910133 247.95 112.09
1.8444340229 248.0 112.14
1.85826587677 247.96 112.1
1.87326693535 247.97 112.11
1.88682699203 247.92 112.06
1.90185499191 247.63 111.77
1.91571593285 247.98 112.12
1.93062806129 247.97 112.11
1.94428491592 247.91 112.05
1.95909810066 247.91 112.05
1.97275495529 247.91 112.05
1.98748397827 247.96 112.1
2.00110006332 247.9 112.04
2.01599097252 247.98 112.12
2.02976489067 247.94 112.08
2.04467487335 247.95 112.09
2.05834197998 247.76 111.9
2.07317495346 247.98 112.12
2.08688592911 247.91 112.05
2.10177087784 247.93 112.07
2.11529803276 247.91 112.05
2.13035106659 247.96 112.1
2.14416599274 247.92 112.06
2.15896296501 247.95 112.09
2.17241501808 247.93 112.07
2.18744802475 247.95 112.09
2.20104408264 248.01 112.15
2.21603894234 247.94 112.08
2.22972106934 247.95 112.09
2.24479794502 247.89 112.03
2.25870108604 247.93 112.07
2.27391791344 247.95 112.09
2.28805303574 248.01 112.15
2.30303502083 247.98 112.12
2.31696200371 247.82 111.96
2.3321928978 247.94 112.08
2.34595704079 247.94 112.08
2.36117291451 247.93 112.07
2.37498497963 247.91 112.05
2.39017605782 247.98 112.12
2.40404605865 248.03 112.17
2.41907691956 247.93 112.07
2.43380689621 247.98 112.12
2.44973301888 247.93 112.07
2.46440696716 248.0 112.14
2.48032593727 247.92 112.06
2.49494290352 247.98 112.12
2.51103806496 247.98 112.12
2.52578902245 247.99 112.13
2.54164600372 247.93 112.07
2.55625700951 247.91 112.05
2.57203197479 248.0 112.14
2.58667302132 247.93 112.07
2.60264801979 247.99 112.13
2.61736702919 247.98 112.12
2.633466959 247.95 112.09
2.64807701111 247.95 112.09
2.66405892372 247.87 112.01
2.67775893211 247.98 112.12
2.69271707535 247.91 112.05
2.70632505417 247.93 112.07
2.72121405602 247.91 112.05
2.73486590385 247.97 112.11
2.7498319149 247.97 112.11
2.76346206665 247.96 112.1
2.77833104134 247.95 112.09
2.79204893112 247.82 111.96
2.80687093735 247.98 112.12
2.82058787346 247.92 112.06
2.83551192284 247.91 112.05
2.84917593002 247.97 112.11
2.86422395706 247.96 112.1
2.87799692154 247.92 112.06
2.89278388023 246.24 110.38
2.9064040184 245.03 109.17
2.92133593559 241.51 105.65
2.93505692482 239.75 103.89
2.95001602173 238.03 102.17
2.96369695663 233.08 97.22
2.978525877 229.85 93.99
2.99215602875 224.25 88.39
3.00707387924 222.18 86.32
3.02075600624 219.77 83.91
3.03566002846 214.08 78.22
3.04943799973 211.7 75.84
3.06434988976 208.22 72.36
3.07796287537 207.24 71.38
3.09289002419 206.56 70.7
3.10658288002 206.21 70.35
3.12154889107 207.87 72.01
3.13527107239 210.94 75.08
3.15018391609 211.39 75.53
3.16398787498 211.38 75.52
3.17892003059 211.35 75.49
3.19313192368 211.33 75.47
3.20816993713 211.34 75.48
3.22205901146 211.36 75.5
3.23708987236 211.33 75.47
3.25085806847 211.31 75.45
3.26596593857 211.32 75.46
3.2797908783 211.33 75.47
3.29499006271 211.38 75.52
3.30870294571 211.34 75.48
3.3237118721 211.4 75.54
3.33747410774 211.41 75.55
3.3525428772 211.37 75.51
3.36659789085 209.3 73.44
3.38184094429 206.53 70.67
3.39581799507 200.86 65.0
3.41087007523 198.84 62.98
3.42462706566 197.47 61.61
3.44012999535 194.16 58.3
3.45408892632 192.14 56.28
3.46920394897 187.8 51.94
3.48307800293 185.74 49.88
3.4982149601 181.93 46.07
3.51196599007 180.22 44.36
3.52696204185 178.12 42.26
3.54076290131 177.35 41.49
3.55581998825 177.34 41.48
3.56959295273 179.08 43.22
3.58462810516 179.82 43.96
3.59845590591 179.76 43.9
3.61359500885 179.86 44.0
3.62739300728 179.85 43.99
3.64252591133 179.75 43.89
3.65631198883 179.83 43.97
3.67140007019 179.87 44.01
3.6851940155 179.83 43.97
3.70043802261 179.83 43.97
3.71440005302 179.82 43.96
3.72940301895 179.88 44.02
3.74327898026 179.78 43.92
3.75840687752 179.84 43.98
3.77228093147 179.85 43.99
3.78741192818 179.84 43.98
3.80127310753 179.78 43.92
3.81626009941 179.82 43.96
3.83009505272 179.62 43.76
3.84506297112 179.87 44.01
3.85887789726 179.8 43.94
3.87388491631 179.82 43.96
3.88766288757 179.79 43.93
3.90266609192 179.82 43.96
3.9164390564 179.82 43.96
3.93150210381 179.82 43.96
3.94536495209 179.91 44.05
3.96053195 179.85 43.99
3.97447299957 179.82 43.96
3.98960709572 179.85 43.99
4.00346493721 179.84 43.98
4.01851987839 179.87 44.01
4.0324549675 179.87 44.01
4.0475320816 179.81 43.95
4.06132388115 179.8 43.94
4.07645106316 179.88 44.02
4.09028291702 179.88 44.02
4.10532689095 179.85 43.99
4.11921095848 179.82 43.96
4.13433003426 179.85 43.99
4.14809393883 179.8 43.94
4.16311407089 179.83 43.97
4.17702293396 179.84 43.98
4.19236707687 179.81 43.95
4.20637702942 179.82 43.96
4.22161006927 179.81 43.95
4.23548293114 179.85 43.99
4.2507610321 179.84 43.98
4.26466798782 179.81 43.95
4.27983808517 179.86 44.0
4.29375195503 178.4 42.54
4.30895996094 173.82 37.96
4.32297492027 170.71 34.85
4.33814191818 162.99 27.13
4.35214495659 158.2 22.34
4.36754393578 147.76 11.9
4.38140010834 143.45 7.59
4.39661598206 137.22 1.36
4.41053509712 135.34 -0.52
4.42574310303 130.79 -5.07
4.43959999084 130.45 -5.41
4.45486307144 130.45 -5.41
4.46881008148 130.46 -5.4
4.48400807381 130.49 -5.37
4.49816894531 130.52 -5.34
4.51342701912 130.44 -5.42
4.52738595009 130.44 -5.42
4.54255795479 130.48 -5.38
4.55643105507 130.48 -5.38
4.57161307335 124.47 -11.39
4.58554601669 119.39 -16.47
4.60076403618 112.95 -22.91
4.61479687691 109.13 -26.73
4.63014507294 98.52 -37.34
4.64403510094 92.96 -42.9
4.65908694267 82.42 -53.44
4.67299008369 78.68 -57.18
4.68794798851 75.51 -60.35
4.7017929554 73.46 -62.4
4.71691608429 73.42 -62.44
4.7309949398 73.45 -62.41
4.74615502357 73.56 -62.3
4.75998902321 73.39 -62.47
4.77507805824 73.35 -62.51
4.78904700279 73.52 -62.34
4.80435204506 73.26 -62.6
4.81816196442 73.4 -62.46
4.83319807053 73.52 -62.34
4.84710097313 73.41 -62.45
4.86224889755 73.45 -62.41
4.87627792358 73.42 -62.44
4.89149808884 73.41 -62.45
4.9053440094 73.48 -62.38
4.92038488388 73.42 -62.44
4.93411707878 73.38 -62.48
4.94941401482 73.43 -62.43
4.9632089138 73.41 -62.45
4.97845387459 73.43 -62.43
4.99234104156 73.38 -62.48
5.00738096237 73.23 -62.63
5.02121400833 73.39 -62.47
5.0364151001 73.54 -62.32
5.05017900467 73.41 -62.45
5.0651910305 73.43 -62.43
5.07911992073 73.41 -62.45
5.09416103363 73.41 -62.45
5.10794496536 73.48 -62.38
5.12297010422 75.46 -60.4
5.13686490059 77.22 -58.64
5.15208005905 79.33 -56.53
5.16591596603 83.92 -51.94
5.18104195595 85.99 -49.87
5.19516301155 89.14 -46.72
5.21029901505 91.21 -44.65
5.22418189049 95.43 -40.43
5.23956298828 97.88 -37.98
5.25343990326 100.65 -35.21
5.26885795593 105.33 -30.53
5.28280687332 107.65 -28.21
5.29795193672 112.26 -23.6
5.31190299988 114.35 -21.51
5.32703900337 118.52 -17.34
5.34094691277 120.03 -15.83
5.356112957 121.79 -14.07
5.36999797821 122.1 -13.76
5.38537192345 122.81 -13.05
5.39927005768 124.51 -11.35
5.4146490097 124.86 -11.0
5.42851901054 124.84 -11.02
5.44372391701 124.82 -11.04
5.45757699013 124.84 -11.02
5.47267603874 124.86 -11.0
5.48654508591 124.91 -10.95
5.5016450882 124.86 -11.0
5.51540708542 124.81 -11.05
5.53054499626 124.84 -11.02
5.5444149971 124.78 -11.08
5.55963110924 124.85 -11.01
5.57353305817 121.06 -14.8
5.58869290352 122.69 -13.17
5.60267710686 124.9 -10.96
5.61802506447 130.83 -5.03
5.63193392754 134.0 -1.86
5.64689397812 137.14 1.28
5.66074490547 143.82 7.96
5.67582607269 147.37 11.51
5.68965697289 153.52 17.66
5.70470404625 156.2 20.34
5.71858406067 161.55 25.69
5.7338039875 163.3 27.44
5.74766492844 164.34 28.48
5.76267004013 168.16 32.3
5.77651906013 168.19 32.33
5.79185795784 167.82 31.96
5.80589699745 167.62 31.76
5.82111096382 167.81 31.95
5.83490109444 167.79 31.93
5.85009789467 167.58 31.72
5.86404204369 167.57 31.71
5.87913608551 167.84 31.98
5.89303302765 167.71 31.85
5.90809893608 167.79 31.93
5.92214798927 167.88 32.02
5.93727993965 166.85 30.99
5.95117807388 169.58 33.72
5.96628093719 181.25 45.39
5.98016190529 188.61 52.75
5.99527192116 204.48 68.62
6.00913190842 214.47 78.61
6.02431488037 233.45 97.59
6.0382630825 241.09 105.23
6.05337691307 248.99 113.13
6.06724190712 251.53 115.67
6.08237910271 253.58 117.72
6.09633207321 254.26 118.4
6.11138296127 254.0 118.14
6.12527990341 253.07 117.21
6.14052200317 252.91 117.05
6.15440797806 252.85 116.99
6.16949105263 252.96 117.1
6.18354105949 252.89 117.03
6.19891810417 252.95 117.09
6.21284103394 252.92 117.06
6.22808003426 252.94 117.08
6.24201393127 253.04 117.18
6.25716900826 256.03 120.17
6.27118396759 260.74 124.88
6.28642106056 271.75 135.89
6.30035996437 277.14 141.28
6.31553292274 284.55 148.69
6.32953000069 287.49 151.63
6.34488201141 291.69 155.83
6.35897397995 292.35 156.49
6.37425804138 293.1 157.24
6.38818907738 293.15 157.29
6.40360093117 292.65 156.79
6.41751194 292.35 156.49
6.4327480793 292.37 156.51
6.44668507576 292.37 156.51
6.46187496185 292.41 156.55
6.47595095634 292.42 156.56
6.49125099182 292.37 156.51
6.50527691841 292.35 156.49
6.52045989037 292.35 156.49
6.53466391563 292.33 156.47
6.54988408089 292.45 156.59
6.56494808197 292.36 156.5
6.58125400543 292.43 156.57
6.59559988976 292.33 156.47
6.61095690727 292.41 156.55
6.62510204315 292.37 156.51
6.64038705826 292.35 156.49
6.6544110775 292.42 156.56
6.66964793205 292.39 156.53
6.6846010685 292.4 156.54
6.70095992088 292.46 156.6
6.71584510803 292.38 156.52
6.73196601868 292.39 156.53
6.74690103531 292.39 156.53
6.7629070282 292.4 156.54
6.77775096893 292.33 156.47
6.79395794868 292.42 156.56
6.80886507034 292.38 156.52
6.82519698143 292.4 156.54
6.84019207954 292.37 156.51
6.85633206367 292.42 156.56
6.87181305885 292.44 156.58
6.89034509659 292.38 156.52
6.91034388542 292.44 156.58
6.93028187752 294.52 158.66
6.9458990097 301.59 165.73
6.96099305153 305.08 169.22
6.97494506836 311.43 175.57
6.99018287659 314.38 178.52
7.00423002243 318.25 182.39
7.01934099197 319.95 184.09
7.03334999084 323.1 187.24
7.04857993126 324.5 188.64
7.06258797646 327.95 192.09
7.0777490139 329.01 193.15
7.09179091454 330.16 194.3
7.10712194443 331.51 195.65
7.12106895447 331.89 196.03
7.13635492325 333.32 197.46
7.1504380703 334.04 198.18
7.16581702232 335.39 199.53
7.17986989021 335.79 199.93
7.19529891014 337.79 201.93
7.21028208733 339.23 203.37
7.22657203674 341.87 206.01
7.24166607857 343.3 207.44
7.25801992416 345.67 209.81
7.27308106422 346.74 210.88
7.28939294815 349.92 214.06
7.3043949604 353.03 217.17
7.32068490982 354.52 218.66
7.33586788177 356.63 220.77
7.35210609436 357.35 221.49
7.36707997322 359.12 223.26
7.38343405724 -0.15 223.99
7.39745998383 2.0 226.14
7.41273093224 2.7 226.84
7.42704510689 4.18 228.32
7.44238209724 4.8 228.94
7.45637989044 5.53 229.67
7.47169303894 5.52 229.66
7.48563790321 5.53 229.67
7.50098395348 5.54 229.68
7.51508593559 5.46 229.6
7.53043103218 5.15 229.29
7.54441690445 4.79 228.93
7.55977106094 5.12 229.26
7.57363605499 5.17 229.31
7.58891201019 6.05 230.19
7.60276007652 6.63 230.77
7.61790299416 8.36 232.5
7.63189888 9.38 233.52
7.64734387398 10.43 234.57
7.66132307053 11.18 235.32
7.67658090591 11.75 235.89
7.69060301781 13.36 237.5
7.70588302612 14.38 238.52
7.7198009491 17.36 241.5
7.73502898216 18.63 242.77
7.74906992912 19.69 243.83
7.76443099976 19.68 243.82
7.77844595909 20.03 244.17
7.79377794266 20.05 244.19
7.8077750206 20.04 244.18
7.82330393791 20.46 244.6
7.83736491203 19.75 243.89
7.85277199745 17.77 241.91
7.86694908142 16.7 240.84
7.88242292404 14.36 238.5
7.89641094208 12.24 236.38
7.91165399551 6.62 230.76
7.92568302155 3.1 227.24
7.94084787369 356.3 227.84
7.95477390289 353.17 224.71
7.97023510933 349.91 221.45
7.98436188698 345.32 216.86
7.99963998795 343.63 215.17
8.0135910511 340.5 212.04
8.02893304825 338.57 210.11
8.04297494888 335.56 207.1
8.0582690239 333.62 205.16
8.07244992256 329.73 201.27
8.08778595924 328.01 199.55
8.10181188583 326.25 197.79
8.11712408066 324.08 195.62
8.13109707832 323.08 194.62
8.14662790298 320.99 192.53
8.16055107117 319.94 191.48
8.17589306831 318.21 189.75
8.19039797783 317.84 189.38
8.20569896698 317.9 189.44
8.21983408928 317.92 189.46
8.23530101776 319.28 190.82
8.24942588806 320.69 192.23
8.26490902901 324.5 196.04
8.27907705307 326.66 198.2
8.29454398155 331.27 202.81
8.30865287781 333.3 204.84
8.3240749836 335.32 206.86
8.33821892738 339.68 211.22
8.3536400795 342.14 213.68
8.3677918911 347.48 219.02
8.383259058 350.28 221.82
8.39735293388 354.87 226.41
8.41280508041 356.98 228.52
8.42696094513 1.22 232.76
8.44234204292 3.82 235.36
8.45641303062 9.03 240.57
8.4718298912 11.18 242.72
8.48592090607 12.62 244.16
8.50131487846 15.1 246.64
8.51538491249 16.53 248.07
8.5309009552 20.02 251.56
8.54509401321 21.45 252.99
8.56053996086 24.28 255.82
8.57473492622 25.98 257.52
8.59012389183 31.59 263.13
8.60431098938 33.35 264.89
8.61983108521 36.75 268.29
8.63399291039 38.21 269.75
8.64953303337 40.01 271.55
8.66368198395 40.66 272.2
8.67908906937 41.75 273.29
8.69320201874 42.71 274.25
8.70865797997 43.92 275.46
8.72277402878 44.18 275.72
8.73813009262 44.51 276.05
8.7522289753 44.79 276.33
8.76763391495 44.86 276.4
8.78172898293 43.8 275.34
8.7971739769 42.82 274.36
8.81133389473 38.22 269.76
8.82664489746 34.02 265.56
8.84080791473 25.33 256.87
8.8561360836 21.3 252.84
8.87025594711 17.06 248.6
8.88563203812 8.33 239.87
8.89978194237 3.91 235.45
8.91522288322 356.35 235.19
8.92933487892 353.84 232.68
8.94482398033 349.24 228.08
8.95893597603 346.7 225.54
8.97441887856 342.53 221.37
8.98875808716 340.37 219.21
9.00424098969 336.37 215.21
9.01839590073 334.95 213.79
9.03387498856 332.59 211.43
9.04800605774 331.83 210.67
9.06334590912 331.6 210.44
9.07744693756 331.24 210.08
9.09282898903 330.08 208.92
9.10687804222 329.47 208.31
9.12220191956 328.75 207.59
9.13629508018 328.12 206.96
9.15170192719 328.21 207.05
9.16584300995 328.68 207.52
9.18117403984 330.48 209.32
9.19586706161 335.03 213.87
9.21128106117 337.92 216.76
9.22546887398 343.98 222.82
9.24078607559 347.22 226.06
9.25487089157 354.15 232.99
9.27011990547 357.02 235.86
9.28425002098 359.76 238.6
9.29972290993 4.82 243.66
9.31388807297 7.63 246.47
9.32932591438 13.36 252.2
9.34348797798 16.15 254.99
9.35883903503 21.55 260.39
9.37304210663 23.98 262.82
9.38847994804 28.82 267.66
9.4027159214 30.85 269.69
9.41814088821 33.97 272.81
9.43236303329 35.06 273.9
9.4480381012 36.14 274.98
9.46239709854 35.71 274.55
9.47791600227 34.99 273.83
9.49216008186 33.63 272.47
9.50748801231 28.1 266.94
9.52162003517 23.89 262.73
9.53705191612 15.14 253.98
9.55120897293 10.96 249.8
9.56652998924 7.03 245.87
9.58076405525 0.56 239.4
9.59675693512 358.08 240.76
9.61148691177 353.05 235.73
9.62742805481 349.94 232.62
9.6418530941 348.5 231.18
9.65755605698 345.74 228.42
9.6719379425 344.67 227.35
9.68776202202 343.34 226.02
9.70210003853 339.31 221.99
9.71755409241 337.48 220.16
9.73182797432 334.79 217.47
9.74748587608 333.85 216.53
9.76184606552 332.3 214.98
9.77741098404 331.52 214.2
9.79170894623 330.59 213.27
9.80715608597 330.4 213.08
9.82150602341 330.82 213.5
9.83719396591 331.58 214.26
9.85153889656 335.37 218.05
9.86704301834 337.84 220.52
9.88141703606 343.36 226.04
9.89685893059 345.78 228.46
9.91114807129 350.97 233.65
9.92667007446 354.21 236.89
9.94089889526 0.95 243.63
9.9564139843 4.54 247.22
9.97074699402 7.28 249.96
9.9862101078 12.29 254.97
10.000510931 14.5 257.18
10.0170309544 18.28 260.96
10.0313749313 23.55 266.23
10.0468959808 26.3 268.98
10.0611319542 29.11 271.79
10.0766460896 35.39 278.07
10.0908370018 39.29 281.97
10.1062860489 46.69 289.37
10.1205320358 49.45 292.13
10.1361238956 53.91 296.59
10.1504850388 55.15 297.83
10.1659719944 55.82 298.5
10.1801970005 55.75 298.43
10.1964240074 54.37 297.05
10.2108418941 52.63 295.31
10.2263119221 46.99 289.67
10.2406599522 44.86 287.54
10.2561640739 44.52 287.2
10.2704460621 44.9 287.58
10.2858860493 45.79 288.47
10.3001670837 46.36 289.04
10.3158779144 46.59 289.27
10.3302719593 46.63 289.31
10.3457920551 46.59 289.27
10.3600618839 46.65 289.33
10.3756029606 46.63 289.31
10.3900930882 46.76 289.44
10.4058361053 46.63 289.31
10.420347929 46.62 289.3
10.4359378815 46.64 289.32
10.4502260685 46.66 289.34
10.4659180641 42.12 284.8
10.4801619053 40.46 283.14
10.4957480431 40.28 282.96
10.51009202 42.43 285.11
10.5258369446 46.62 289.3
10.540158987 56.53 299.21
10.5556890965 61.76 304.44
10.5700199604 72.03 314.71
10.5855989456 76.51 319.19
10.5998630524 86.31 328.99
10.6154990196 90.81 333.49
10.6300630569 97.17 339.85
10.6459550858 99.64 342.32
10.6602668762 103.08 345.76
10.675978899 104.46 347.14
10.6902508736 106.24 348.92
10.7057359219 107.33 350.01
10.7210729122 108.24 350.92
10.7376899719 108.39 351.07
10.7530679703 108.44 351.12
10.769687891 108.39 351.07
10.7848100662 108.37 351.05
10.8012399673 108.41 351.09
10.816464901 108.41 351.09
10.8333859444 108.19 350.87
10.8486089706 108.37 351.05
10.8650639057 108.35 351.03
10.8794190884 108.1 350.78
10.8949320316 108.01 350.69
10.9091389179 107.05 349.73
10.9246299267 105.54 348.22
10.9388320446 104.34 347.02
10.9543879032 100.3 342.98
10.9687459469 97.14 339.82
10.9843969345 83.82 326.5
10.9987039566 73.42 316.1
11.0150060654 47.83 290.51
11.0293860435 34.61 277.29
11.0448439121 21.02 263.7
11.0591468811 20.81 263.49
11.0746080875 24.38 267.06
11.0887870789 28.38 271.06
11.1042919159 29.13 271.81
11.1185150146 29.1 271.78
11.134691 29.11 271.79
11.1489920616 29.33 272.01
11.1643590927 29.24 271.92
11.1785399914 27.05 269.73
11.194478035 19.3 261.98
11.2087659836 16.87 259.55
11.2243070602 13.3 255.98
11.2386360168 11.2 253.88
11.2542870045 6.86 249.54
11.26866889 5.17 247.85
11.2842071056 4.1 246.78
11.2985239029 -0.15 242.53
11.3139960766 358.82 243.86
11.3283619881 357.38 242.42
11.3438620567 357.42 242.46
11.3581938744 358.44 243.48
11.3736870289 359.18 244.22
11.3890829086 359.82 244.86
11.4047050476 359.88 244.92
11.4192140102 359.54 244.58
11.4348380566 358.46 243.5
11.4491989613 354.17 239.21
11.4646270275 350.74 235.78
11.4788498878 345.49 230.53
11.4945099354 344.27 229.31
11.5088980198 342.51 227.55
11.5244050026 342.54 227.58
11.538713932 342.6 227.64
11.5542750359 343.64 228.68
11.5685930252 349.26 234.3
11.5840649605 352.65 237.69
11.5983278751 358.03 243.07
11.613877058 358.41 243.45
11.6281249523 356.29 241.33
11.6444790363 353.81 238.85
11.6587638855 348.06 233.1
11.6742100716 345.0 230.04
11.6885290146 339.71 224.75
11.7040560246 338.26 223.3
11.7183248997 337.55 222.59
11.7337429523 338.44 223.48
11.7479519844 340.15 225.19
11.763379097 348.52 233.56
11.7777180672 353.13 238.17
11.7931571007 2.02 247.06
11.8074200153 4.08 249.12
11.8229000568 2.71 247.75
11.8372240067 -0.15 244.89
11.8531329632 353.48 251.56
11.8678128719 349.5 247.58
11.8838810921 345.0 243.08
11.8984470367 344.38 242.46
11.9142129421 344.32 242.4
11.9285879135 345.03 243.11
11.9443221092 350.78 248.86
11.9586629868 354.58 252.66
11.9743459225 0.22 258.3
11.9888050556 1.6 259.68
12.003841877 1.23 259.31
12.018558979 359.89 258.19
12.0341029167 354.76 253.06
12.048404932 352.41 250.71
12.0640439987 350.29 248.59
12.0783970356 350.28 248.58
12.0938870907 352.0 250.3
12.108148098 355.25 253.55
12.123650074 1.64 259.94
12.138810873 4.47 262.77
12.1544499397 6.57 264.87
12.1688649654 6.51 264.81
12.1845099926 3.77 262.07
12.1990299225 1.64 259.94
12.2146549225 356.98 261.32
12.2289950848 354.98 259.32
12.2445089817 351.47 255.81
12.2588160038 350.98 255.32
12.2743680477 352.12 256.46
12.288631916 354.24 258.58
12.3040878773 358.08 262.42
12.318379879 5.88 270.22
12.3339250088 8.75 273.09
12.3482899666 9.07 273.41
12.363781929 8.31 272.65
12.3783340454 4.6 268.94
12.3947110176 1.99 266.33
12.4090180397 358.46 265.88
12.4245119095 357.09 264.51
12.4389979839 357.0 264.42
12.454488039 357.7 265.12
12.4688930511 3.74 271.16
12.4844670296 8.54 275.96
12.4988920689 14.77 282.19
12.514439106 15.82 283.24
12.5287890434 13.66 281.08
12.5445439816 10.31 277.73
12.5590009689 3.45 270.87
12.5745930672 0.22 267.64
12.5891489983 356.68 270.74
12.604747057 356.48 270.54
12.6191089153 356.64 270.7
12.6350140572 357.66 271.72
12.649627924 2.32 276.38
12.6651818752 5.87 279.93
12.6795089245 12.23 286.29
12.6950359344 13.45 287.51
12.7093729973 12.24 286.3
12.7248780727 9.73 283.79
12.7392129898 3.88 277.94
12.7547950745 0.41 274.47
12.7690300941 355.59 278.47
12.7844829559 354.16 277.04
12.7989070415 353.07 275.95
12.8147220612 353.43 276.31
12.8290719986 354.25 277.13
12.8449099064 358.79 281.67
12.859306097 1.89 284.77
12.8750391006 9.05 291.93
12.8902230263 11.56 294.44
12.9058389664 12.27 295.15
12.9203259945 11.94 294.82
12.9360260963 7.68 290.56
12.9504539967 0.85 283.73
12.9661200047 358.05 284.83
12.9805269241 354.5 281.28
12.996131897 353.42 280.2
13.010488987 353.47 280.25
13.0265800953 353.83 280.61
13.0409550667 355.23 282.01
13.0567018986 1.04 287.82
13.071160078 5.19 291.97
13.086894989 11.2 297.98
13.1012639999 12.25 299.03
13.1168520451 11.54 298.32
13.1312799454 9.75 296.53
13.1477239132 2.7 289.48
13.1620080471 359.15 287.63
13.1774439812 353.49 281.97
13.1919770241 351.65 280.13
13.2074780464 350.36 278.84
13.2216129303 350.29 278.77
13.2371098995 351.69 280.17
13.2512769699 351.99 280.47
13.2667479515 352.7 281.18
13.2809970379 353.45 281.93
13.2964820862 355.23 283.71
13.3107140064 356.32 284.8
13.3263061047 357.73 286.21
13.3405549526 357.63 286.11
13.3560268879 356.71 285.19
13.3702449799 354.88 283.36
13.3862559795 350.98 279.46
13.4008538723 349.22 277.7
13.4164350033 346.11 274.59
13.4307858944 345.07 273.55
13.4463260174 342.24 270.72
13.4605240822 341.15 269.63
13.4760389328 339.66 268.14
13.4904179573 339.66 268.14
13.5058529377 339.3 267.78
13.5203919411 339.24 267.72
13.5359299183 339.29 267.77
13.5502920151 339.28 267.76
13.5657999516 339.35 267.83
13.5801329613 340.83 269.31
13.5957279205 342.17 270.65
13.6099770069 346.45 274.93
13.6255269051 348.9 277.38
13.6407248974 352.72 281.2
13.6564610004 354.55 283.03
13.6708109379 358.09 286.57
13.6863379478 359.52 288.0
13.7006669044 0.9 289.38
13.7162349224 1.68 290.16
13.7305870056 2.02 290.5
13.7460870743 2.36 290.84
13.7602849007 2.39 290.87
13.7757520676 2.37 290.85
13.7900400162 2.43 290.91
13.8056609631 2.12 290.6
13.8200159073 0.35 288.83
13.8356509209 358.4 290.08
13.8500230312 352.43 284.11
13.8656311035 349.92 281.6
13.8800899982 345.12 276.8
13.8963689804 342.91 274.59
13.910777092 338.9 270.58
13.9262959957 337.51 269.19
13.9406290054 335.0 266.68
13.9562489986 334.32 266.0
13.9705340862 333.97 265.65
13.9860789776 334.07 265.75
14.0004990101 334.04 265.72
14.0164968967 334.02 265.7
14.0308148861 334.36 266.04
14.0463020802 335.0 266.68
14.0607700348 336.1 267.78
14.076333046 338.26 269.94
14.0905549526 339.66 271.34
14.1060860157 342.56 274.24
14.1204578876 344.01 275.69
14.1361761093 347.14 278.82
14.1510930061 349.22 280.9
14.1666378975 354.25 285.93
14.180948019 356.75 288.43
14.1970338821 0.59 292.27
14.2114470005 1.56 293.24
14.2270100117 4.16 295.84
14.2413671017 5.55 297.23
14.2568910122 10.2 301.88
14.2712790966 12.65 304.33
14.2868010998 18.32 310.0
14.3010931015 20.84 312.52
14.3165779114 24.68 316.36
14.3310220242 27.03 318.71
14.3465690613 32.26 323.94
14.3608400822 34.4 326.08
14.3763120174 37.6 329.28
14.3917479515 39.31 330.99
14.407325983 43.08 334.76
14.421653986 45.57 337.25
14.4372251034 51.19 342.87
14.451570034 53.4 345.08
14.4670929909 56.73 348.41
14.4813420773 58.27 349.95
14.4968369007 61.44 353.12
14.5111649036 63.18 354.86
14.5266931057 67.92 359.6
14.5409579277 70.0 361.68
14.5564980507 74.39 366.07
14.5708899498 76.14 367.82
14.5864970684 79.16 370.84
14.6007890701 80.73 372.41
14.6162838936 82.4 374.08
14.6305830479 86.32 378.0
14.64696908 88.39 380.07
14.6614120007 91.98 383.66
14.6771020889 93.72 385.4
14.6914899349 95.83 387.51
14.7071080208 96.11 387.79
14.7214229107 96.16 387.84
14.7370378971 96.14 387.82
14.7514109612 95.52 387.2
14.7671029568 94.5 386.18
14.7815930843 89.72 381.4
14.7972779274 87.68 379.36
14.811565876 86.6 378.28
14.827256918 86.61 378.29
14.8416368961 86.6 378.28
14.8572280407 86.67 378.35
14.8715569973 86.84 378.52
14.887130022 86.65 378.33
14.9020988941 86.67 378.35
14.9176681042 86.64 378.32
14.9320349693 86.59 378.27
14.947578907 86.91 378.59
14.9618990421 86.65 378.33
14.9775500298 85.22 376.9
14.9919550419 87.71 379.39
15.0076200962 90.5 382.18
15.0220251083 97.17 388.85
15.0376141071 100.25 391.93
15.0520238876 105.19 396.87
15.067606926 107.73 399.41
15.0819120407 113.99 405.67
15.0974979401 116.95 408.63
15.1117339134 119.35 411.03
15.1275429726 124.77 416.45
15.1427080631 129.4 421.08
15.1582961082 131.85 423.53
15.1726009846 136.13 427.81
15.1886069775 138.88 430.56
15.2030348778 140.76 432.44
15.2186279297 143.84 435.52
15.2329518795 144.89 436.57
15.2486319542 146.23 437.91
15.2630438805 145.96 437.64
15.2785959244 144.5 436.18
15.2930049896 142.75 434.43
15.3086810112 133.98 425.66
15.3229329586 131.18 422.86
15.3385279179 126.25 417.93
15.3529648781 123.13 414.81
15.3685801029 117.18 408.86
15.3830549717 114.35 406.03
15.3994820118 110.95 402.63
15.4138040543 109.13 400.81
15.4294860363 107.03 398.71
15.4438478947 107.09 398.77
15.4594960213 106.95 398.63
15.4738249779 107.01 398.69
15.4893989563 106.98 398.66
15.5037190914 107.28 398.96
15.5192708969 107.13 398.81
15.5335850716 107.38 399.06
15.5491909981 111.3 402.98
15.5635008812 116.49 408.17
15.5791349411 124.3 415.98
15.5934860706 125.58 417.26
15.60907197 125.53 417.21
15.6233849525 124.14 415.82
15.6390368938 121.36 413.04
15.6540138721 118.2 409.88
15.6697669029 106.99 398.67
15.6843800545 100.01 391.69
15.6997699738 82.13 373.81
15.7142970562 72.78 364.46
15.7302520275 57.55 349.23
15.7446959019 52.33 344.01
15.76039505 49.01 340.69
15.7758920193 48.06 339.74
15.7924718857 50.48 342.16
15.8078889847 52.32 344.0
15.8245639801 52.99 344.67
15.840075016 52.95 344.63
15.8566679955 53.01 344.69
15.8722250462 52.98 344.66
15.8887619972 53.01 344.69
15.9047420025 52.98 344.66
15.9213500023 52.97 344.65
15.9367699623 52.99 344.67
15.9534060955 52.99 344.67
15.9689218998 53.01 344.69
15.9856278896 52.99 344.67
16.0010499954 53.01 344.69
16.0180909634 52.94 344.62
16.0333390236 48.47 340.15
16.0500919819 45.59 337.27
16.065600872 40.15 331.83
16.0823779106 34.62 326.3
16.097771883 31.86 323.54
16.1144590378 26.67 318.35
16.1301169395 23.86 315.54
16.1470069885 19.44 311.12
16.1614689827 16.87 308.55
16.1770761013 11.57 303.25
16.1917660236 9.03 300.71
16.2075140476 3.83 295.51
16.2218489647 0.55 292.23
16.2374949455 355.25 296.43
16.2518699169 352.44 293.62
16.2675700188 347.8 288.98
16.2818870544 346.1 287.28
16.297604084 343.62 284.8
16.3118069172 342.98 284.16
16.3274240494 341.92 283.1
16.3416929245 341.19 282.37
16.3573100567 339.39 280.57
16.3716549873 338.22 279.4
16.3876409531 337.22 278.4
16.4020049572 336.82 278.0
16.4175570011 336.09 277.27
16.4319090843 335.4 276.58
16.4474380016 333.76 274.94
16.461689949 333.13 274.31
16.4771850109 331.96 273.14
16.4915060997 331.53 272.71
16.5071001053 330.42 271.6
16.5214719772 329.8 270.98
16.5372450352 328.17 269.35
16.5516109467 327.42 268.6
16.5672140121 325.57 266.75
16.5827009678 324.6 265.78
16.5994288921 323.1 264.28
16.6147959232 322.81 263.99
16.6315219402 322.6 263.78
16.6469600201 322.44 263.62
16.663738966 322.01 263.19
16.6792879105 321.04 262.22
16.6959609985 320.29 261.47
16.7114439011 318.9 260.08
16.7281239033 318.19 259.37
16.743573904 316.12 257.3
16.7602438927 314.09 255.27
16.7757329941 313.28 254.46
16.7923569679 312.19 253.37
16.8077440262 311.83 253.01
16.8245558739 311.09 252.27
16.840102911 310.05 251.23
16.8567519188 309.63 250.81
16.8722269535 308.61 249.79
16.8888959885 308.31 249.49
16.9044508934 307.61 248.79
16.9211800098 307.91 249.09
16.9365670681 308.29 249.47
16.9533100128 310.4 251.58
16.968734026 312.53 253.71
16.9854519367 319.96 261.14
17.00096488 330.14 271.32
17.0176370144 335.41 276.59
17.0331799984 343.3 284.48
17.0498480797 346.39 287.57
17.0656039715 353.08 294.26
17.0823640823 0.27 301.45
17.0978479385 4.17 305.35
17.1145689487 12.99 314.17
17.130120039 18.3 319.48
17.1469120979 29.6 330.78
17.1625320911 38.2 339.38
17.1791789532 40.88 342.06
17.1955420971 46.63 347.81
17.2122709751 49.4 350.58
17.2277920246 55.82 357.0
17.2444140911 61.07 362.25
17.259912014 63.55 364.73
17.2765350342 67.14 368.32
17.2920351028 68.83 370.01
17.3087320328 71.89 373.07
17.3240830898 73.08 374.26
17.3407859802 75.01 376.19
17.3562500477 75.84 377.02
17.3729031086 76.53 377.71
17.3887639046 76.2 377.38
17.4055299759 72.43 373.61
17.4208910465 70.58 371.76
17.4375391006 69.91 371.09
17.4530129433 70.21 371.39
17.4696230888 70.04 371.22
17.4851019382 69.94 371.12
17.501791954 69.82 371.0
17.5173249245 69.99 371.17
17.5339770317 69.94 371.12
17.5494110584 70.02 371.2
17.5661621094 69.93 371.11
17.5815389156 69.93 371.11
17.5981829166 70.0 371.18
17.6136140823 69.94 371.12
17.6302649975 69.94 371.12
17.6459488869 69.91 371.09
17.6626329422 70.28 371.46
17.677177906 69.92 371.1
17.6928679943 69.91 371.09
17.70718503 69.25 370.43
17.7227599621 59.76 360.94
17.7370510101 57.95 359.13
17.752779007 61.77 362.95
17.7671289444 65.73 366.91
17.7827119827 76.54 377.72
17.7970368862 82.81 383.99
17.8127191067 96.81 397.99
17.8273088932 104.18 405.36
17.8429040909 117.72 418.9
17.8571329117 123.22 424.4
17.8727560043 132.23 433.41
17.8870658875 135.44 436.62
17.9025640488 139.27 440.45
17.9169368744 141.37 442.55
17.9324800968 146.7 447.88
17.9468400478 149.53 450.71
17.9623820782 154.2 455.38
17.9768259525 156.54 457.72
17.9924399853 161.88 463.06
18.007117033 163.55 464.73
18.0226259232 165.3 466.48
18.0368518829 165.81 466.99
18.0524849892 166.11 467.29
18.0667948723 166.05 467.23
18.0822899342 166.11 467.29
18.0966179371 166.18 467.36
18.1121110916 166.17 467.35
18.1263940334 166.13 467.31
18.1419301033 166.13 467.31
18.156359911 165.85 467.03
18.1719260216 166.11 467.29
18.18659091 165.99 467.17
18.2022089958 166.08 467.26
18.2164700031 166.07 467.25
18.2319459915 166.11 467.29
18.2462499142 166.09 467.27
18.2617480755 166.14 467.32
18.2760980129 166.12 467.3
18.291631937 166.09 467.27
18.3059110641 166.07 467.25
18.3214259148 166.15 467.33
18.3357598782 166.08 467.26
18.3513178825 166.17 467.35
18.3656339645 166.14 467.32
18.3810749054 166.11 467.29
18.3955430984 166.06 467.24
18.4112279415 166.11 467.29
18.4256660938 166.06 467.24
18.4412539005 166.11 467.29
18.4556500912 166.15 467.33
18.4711470604 166.08 467.26
18.4854340553 166.1 467.28
18.5008230209 166.09 467.27
18.5150868893 166.13 467.31
18.5306220055 165.34 466.52
18.5449409485 166.14 467.32
18.5604219437 169.96 471.14
18.5747890472 171.8 472.98
18.5902950764 174.77 475.95
18.6045360565 175.24 476.42
18.6201639175 175.29 476.47
18.6343948841 174.52 475.7
18.6500411034 173.14 474.32
18.6644558907 173.12 474.3
18.6802010536 174.17 475.35
18.6945359707 174.58 475.76
18.7101070881 175.95 477.13
18.724476099 177.06 478.24
18.7400579453 179.85 481.03
18.7543289661 181.56 482.74
18.7698318958 185.08 486.26
18.7840819359 186.48 487.66
18.7996759415 188.6 489.78
18.8140540123 189.33 490.51
18.8296399117 189.64 490.82
18.8438940048 189.62 490.8
18.8593049049 190.28 491.46
18.8735790253 192.45 493.63
18.8894209862 193.46 494.64
18.9037380219 193.52 494.7
18.9193029404 193.85 495.03
18.9335310459 194.17 495.35
18.949160099 194.19 495.37
18.9634029865 194.95 496.13
18.9791390896 194.95 496.13
18.9934980869 194.57 495.75
19.0089769363 194.58 495.76
19.0232460499 194.54 495.72
19.0386600494 194.56 495.74
19.0528929234 194.51 495.69
19.0683789253 194.53 495.71
19.0826909542 194.61 495.79
19.0981309414 194.56 495.74
19.112639904 194.62 495.8
19.1281609535 194.47 495.65
19.1423900127 194.56 495.74
19.1579310894 194.55 495.73
19.172301054 194.59 495.77
19.1885120869 194.55 495.73
19.2032608986 194.57 495.75
19.2189569473 194.55 495.73
19.2332530022 194.59 495.77
19.2488319874 194.57 495.75
19.2631180286 194.53 495.71
19.2786719799 194.55 495.73
19.29292202 194.57 495.75
19.3085029125 194.57 495.75
19.3227469921 194.53 495.71
19.3382821083 194.47 495.65
19.3525910378 194.59 495.77
19.3681850433 194.59 495.77
19.3825259209 194.54 495.72
19.3980400562 194.54 495.72
19.4124190807 194.59 495.77
19.4279000759 194.57 495.75
19.4422550201 194.59 495.77
19.4578979015 194.53 495.71
19.4721200466 194.53 495.71
19.4877588749 194.58 495.76
19.5020570755 194.48 495.66
19.5174839497 194.57 495.75
19.5317530632 194.55 495.73
19.5472209454 194.55 495.73
19.5613310337 194.55 495.73
19.5767400265 194.55 495.73
19.5909979343 194.56 495.74
19.6064479351 194.52 495.7
19.6206390858 194.57 495.75
19.6362259388 194.63 495.81
19.6505329609 194.52 495.7
19.6660289764 194.62 495.8
19.680284977 194.57 495.75
19.6958520412 194.52 495.7
19.7101750374 194.55 495.73
19.7256340981 194.51 495.69
19.739880085 194.55 495.73
19.7553699017 194.57 495.75
19.7695519924 194.58 495.76
19.7851099968 194.56 495.74
19.799446106 194.61 495.79
19.8150548935 194.52 495.7
19.8293089867 194.57 495.75
19.8448700905 194.55 495.73
19.8592031002 194.57 495.75
19.8747260571 194.53 495.71
19.8889019489 194.55 495.73
19.9043428898 194.53 495.71
19.9185919762 194.53 495.71
19.934194088 194.62 495.8
19.9486269951 194.52 495.7
19.9641819 194.6 495.78
19.9787199497 194.59 495.77
19.9943180084 194.59 495.77
20.0085339546 194.59 495.77
20.0243809223 194.62 495.8
20.0386140347 194.6 495.78
20.0540940762 194.6 495.78
20.0684030056 194.55 495.73
20.0840260983 194.55 495.73
20.0984520912 194.54 495.72
20.1140079498 194.63 495.81
20.1282579899 194.55 495.73
20.1439230442 194.61 495.79
20.1585590839 194.63 495.81
20.1741008759 194.56 495.74
20.1886179447 194.57 495.75
20.2041389942 194.61 495.79
20.2183849812 194.59 495.77
20.2339260578 194.51 495.69
20.2481908798 194.55 495.73
20.263864994 194.61 495.79
20.2781009674 194.6 495.78
20.2936398983 194.51 495.69
20.3078460693 194.56 495.74
20.3233840466 194.52 495.7
20.3378350735 194.53 495.71
20.353427887 194.61 495.79
20.3678560257 194.59 495.77
20.3832919598 194.54 495.72
20.3976430893 194.58 495.76
20.4131519794 194.55 495.73
20.4275109768 194.55 495.73
20.4431319237 194.55 495.73
20.4574940205 194.52 495.7
20.4729878902 194.54 495.72
20.487267971 194.57 495.75
20.5027449131 194.55 495.73
20.5170269012 194.55 495.73
20.5325379372 194.5 495.68
20.5468170643 194.54 495.72
20.56229496 194.58 495.76
20.5768139362 194.57 495.75
20.5922679901 194.57 495.75
20.6065840721 194.55 495.73
20.6220560074 194.62 495.8
20.6363880634 194.56 495.74
20.6519529819 194.55 495.73
20.666326046 194.61 495.79
20.6819469929 194.63 495.81
20.6962859631 194.58 495.76
20.7118170261 194.57 495.75
20.7261528969 194.5 495.68
20.7416169643 194.53 495.71
20.7558848858 194.61 495.79
20.7714750767 194.58 495.76
20.7857539654 194.59 495.77
20.8013589382 194.57 495.75
20.8157019615 194.57 495.75
20.831248045 194.57 495.75
20.8454959393 194.55 495.73
20.8610310555 194.57 495.75
20.8752551079 194.59 495.77
20.8907489777 194.55 495.73
20.9051020145 194.56 495.74
20.9208240509 194.62 495.8
20.9351089001 194.57 495.75
20.9505980015 194.52 495.7
20.9648420811 194.57 495.75
20.9803419113 194.62 495.8
20.9947879314 194.56 495.74
21.0102338791 194.55 495.73
21.0245139599 194.55 495.73
21.040004015 194.54 495.72
21.0543189049 194.52 495.7
21.0697739124 194.58 495.76
21.0840489864 194.52 495.7
21.0995769501 194.54 495.72
21.1138660908 194.57 495.75
21.1293389797 194.51 495.69
21.143725872 194.54 495.72
21.1592400074 194.64 495.82
21.1735029221 194.59 495.77
21.1891560555 194.59 495.77
21.2036919594 194.55 495.73
21.2194719315 194.62 495.8
21.2337419987 194.55 495.73
21.2493259907 194.51 495.69
21.2636649609 194.5 495.68
21.2791860104 194.55 495.73
21.2937998772 194.58 495.76
21.3094260693 194.53 495.71
21.3237800598 194.62 495.8
21.3395130634 194.53 495.71
21.3540699482 194.51 495.69
21.369601965 194.53 495.71
21.3839659691 194.59 495.77
21.3996639252 194.57 495.75
21.4141669273 194.55 495.73
21.4299790859 194.57 495.75
21.4443740845 194.6 495.78
21.4600520134 194.58 495.76
21.4744079113 194.6 495.78
21.4900710583 194.53 495.71
21.5047290325 194.55 495.73
21.5202820301 194.58 495.76
21.5346798897 194.51 495.69
21.5502960682 194.59 495.77
21.5647089481 194.55 495.73
21.5804710388 194.57 495.75
21.594794035 194.56 495.74
21.6104290485 194.52 495.7
21.6248929501 194.53 495.71
21.6405949593 194.6 495.78
21.6549770832 194.55 495.73
21.670527935 194.64 495.82
21.6847980022 194.51 495.69
21.7003118992 194.59 495.77
21.7145149708 194.55 495.73
21.7301089764 194.55 495.73
21.7443630695 194.57 495.75
21.7599289417 194.56 495.74
21.7742369175 194.56 495.74
21.7896630764 194.57 495.75
21.8039290905 194.53 495.71
21.8194050789 194.55 495.73
21.8336899281 194.53 495.71
21.8491609097 194.56 495.74
21.863380909 194.57 495.75
21.8787620068 194.57 495.75
21.8930089474 194.56 495.74
21.9086680412 194.63 495.81
21.9230289459 194.55 495.73
21.9386188984 194.56 495.74
21.9529531002 194.52 495.7
21.9683699608 194.56 495.74
21.9826169014 194.51 495.69
21.9981091022 194.55 495.73
22.0123960972 194.53 495.71
22.0281748772 194.52 495.7
22.0424089432 194.54 495.72
22.057792902 194.57 495.75
22.0720069408 194.55 495.73
22.0874929428 194.51 495.69
22.1017599106 194.59 495.77
22.1172010899 194.57 495.75
22.1314640045 194.59 495.77
22.146987915 194.59 495.77
22.1612920761 194.56 495.74
22.176856041 194.54 495.72
22.1914598942 194.62 495.8
22.2070720196 194.55 495.73
22.2213170528 194.55 495.73
22.2368040085 194.58 495.76
22.2511529922 194.57 495.75
22.2666699886 194.55 495.73
22.2810471058 194.55 495.73
22.2965989113 194.59 495.77
22.310931921 194.57 495.75
22.3264329433 194.58 495.76
22.3407740593 194.54 495.72
22.3562219143 194.55 495.73
22.370595932 194.57 495.75
22.386111021 194.53 495.71
22.4004368782 194.53 495.71
22.4160120487 194.51 495.69
22.4304590225 194.51 495.69
22.4460098743 194.62 495.8
22.4604098797 194.5 495.68
22.4759619236 194.56 495.74
22.4901359081 194.54 495.72
22.5056190491 194.62 495.8
22.5199820995 194.55 495.73
22.5355219841 194.53 495.71
22.5501070023 194.59 495.77
22.5657470226 194.57 495.75
22.5800728798 194.62 495.8
22.5955340862 194.54 495.72
22.6097700596 194.58 495.76
22.6251850128 194.51 495.69
22.639414072 194.59 495.77
22.6548759937 194.53 495.71
22.6691589355 194.55 495.73
22.6846320629 194.62 495.8
22.6988999844 194.56 495.74
22.7143359184 194.58 495.76
22.7285599709 194.55 495.73
22.7439858913 194.59 495.77
22.7581949234 194.55 495.73
22.7737009525 194.55 495.73
22.7879080772 194.59 495.77
22.8033089638 194.6 495.78
22.8175430298 194.59 495.77
22.8329238892 194.6 495.78
22.847176075 194.57 495.75
22.8626770973 194.55 495.73
22.876983881 194.56 495.74
22.8926229477 194.57 495.75
22.9072139263 194.59 495.77
22.9228050709 194.59 495.77
22.937073946 194.57 495.75
22.9526109695 194.55 495.73
22.9669260979 194.57 495.75
22.9825699329 194.54 495.72
22.9968590736 194.56 495.74
23.0123550892 194.58 495.76
23.0266978741 194.55 495.73
23.0421710014 194.64 495.82
23.0564119816 194.57 495.75
23.0719389915 194.58 495.76
23.0862178802 194.59 495.77
23.1015861034 194.59 495.77
23.1158459187 194.51 495.69
23.1313929558 194.57 495.75
23.1456549168 194.57 495.75
23.1612000465 194.58 495.76
23.175632 194.58 495.76
23.1913790703 194.57 495.75
23.2057659626 194.51 495.69
23.2213280201 194.55 495.73
23.2355809212 194.55 495.73
23.2510480881 194.61 495.79
23.2653329372 194.55 495.73
23.2808070183 194.55 495.73
23.2951540947 194.55 495.73
23.3107209206 194.57 495.75
23.3249959946 194.58 495.76
23.3405330181 194.56 495.74
23.3548820019 194.54 495.72
23.370413065 194.53 495.71
23.3847789764 194.57 495.75
23.4002349377 194.56 495.74
23.4145319462 194.59 495.77
23.4301080704 194.56 495.74
23.4442999363 194.53 495.71
23.4598789215 194.53 495.71
23.4742619991 194.59 495.77
23.4897420406 194.5 495.68
23.5039269924 194.53 495.71
23.5194749832 194.59 495.77
23.533698082 194.54 495.72
23.5492711067 194.57 495.75
23.5634539127 194.56 495.74
23.5790920258 194.51 495.69
23.5933580399 194.58 495.76
23.6089880466 194.56 495.74
23.6232390404 194.58 495.76
23.6387710571 194.56 495.74
23.6529760361 194.51 495.69
23.6684598923 194.62 495.8
23.6826329231 194.58 495.76
23.698127985 194.55 495.73
23.7125101089 194.59 495.77
23.7281749249 194.5 495.68
23.7424468994 194.58 495.76
23.7579050064 194.53 495.71
23.7721910477 194.53 495.71
23.7878010273 194.55 495.73
23.802259922 194.62 495.8
23.8179049492 194.57 495.75
23.8323259354 194.53 495.71
23.8479130268 194.54 495.72
23.8621649742 194.51 495.69
23.8778390884 194.55 495.73
23.8923799992 194.59 495.77
23.9077999592 194.51 495.69
23.9221320152 194.57 495.75
23.9376690388 194.55 495.73
23.9520909786 194.53 495.71
23.9675440788 194.61 495.79
23.9817810059 194.52 495.7
23.9972789288 194.57 495.75
24.0115859509 194.5 495.68
24.0273399353 194.57 495.75
24.0416350365 194.5 495.68
24.0571980476 194.55 495.73
24.0715789795 194.55 495.73
24.0869779587 194.56 495.74
24.1012330055 194.54 495.72
24.1166539192 194.56 495.74
24.1309390068 194.54 495.72
24.1464910507 194.53 495.71
24.1607749462 194.55 495.73
24.1763920784 194.51 495.69
24.1909029484 194.59 495.77
24.206389904 194.51 495.69
24.2205789089 194.57 495.75
24.2360429764 194.63 495.81
24.2504179478 194.51 495.69
24.2659180164 194.57 495.75
24.2801690102 194.52 495.7
24.2956418991 194.55 495.73
24.3098959923 194.57 495.75
24.3253839016 194.59 495.77
24.3396980762 194.59 495.77
24.3552820683 194.53 495.71
24.3696050644 194.54 495.72
24.3851480484 194.59 495.77
24.3994140625 194.59 495.77
24.4149799347 194.6 495.78
24.4301829338 194.59 495.77
24.4466159344 194.62 495.8
24.4609220028 194.59 495.77
24.4765300751 194.59 495.77
24.4908769131 194.55 495.73
24.5062930584 194.65 495.83
24.520539999 194.55 495.73
24.5360019207 194.58 495.76
24.5502929688 194.63 495.81
24.565705061 194.64 495.82
24.5800499916 194.53 495.71
24.5954489708 194.62 495.8
24.6097109318 194.58 495.76
24.6251599789 194.54 495.72
24.6394100189 194.56 495.74
24.6548640728 194.53 495.71
24.6692528725 194.55 495.73
24.6848208904 194.57 495.75
24.6991460323 194.63 495.81
24.7146160603 194.58 495.76
24.7288239002 194.59 495.77
24.744330883 194.55 495.73
24.7587609291 194.58 495.76
24.7742619514 194.57 495.75
24.7885560989 194.63 495.81
24.804060936 194.57 495.75
24.8184309006 194.6 495.78
24.8338720798 194.61 495.79
24.8481369019 194.57 495.75
24.8636009693 194.6 495.78
24.8778789043 194.64 495.82
24.8933329582 194.66 495.84
24.9075648785 194.5 495.68
24.9231159687 194.56 495.74
24.937431097 194.49 495.67
24.9529359341 194.56 495.74
24.9672670364 194.51 495.69
24.9827029705 194.52 495.7
24.9969599247 194.59 495.77
25.0124249458 194.61 495.79
25.0266990662 194.54 495.72
25.0422639847 194.51 495.69
25.056650877 194.6 495.78
25.0721189976 194.59 495.77
25.0864109993 194.57 495.75
25.1019051075 194.56 495.74
25.1162209511 194.57 495.75
25.1317420006 194.51 495.69
25.1460580826 194.56 495.74
25.1615719795 194.53 495.71
25.1759250164 194.53 495.71
25.1916930676 194.58 495.76
25.2060248852 194.58 495.76
25.221476078 194.56 495.74
25.2358260155 194.53 495.71
25.2512350082 194.57 495.75
25.265556097 194.53 495.71
25.2809720039 194.55 495.73
25.2952580452 194.55 495.73
25.3107230663 194.53 495.71
25.3250339031 194.55 495.73
25.3406040668 194.53 495.71
25.3549869061 194.64 495.82
25.3705229759 194.55 495.73
25.3848540783 194.53 495.71
25.4003689289 194.57 495.75
25.4147529602 194.54 495.72
25.4308390617 194.55 495.73
25.4457058907 194.59 495.77
25.4617359638 194.55 495.73
25.4764928818 194.62 495.8
25.4922719002 194.53 495.71
25.5068800449 194.6 495.78
25.5227029324 194.6 495.78
25.5374228954 194.66 495.84
25.5533468723 194.53 495.71
25.5680749416 194.53 495.71
25.5839231014 194.54 495.72
25.5985488892 194.56 495.74
25.6145210266 194.56 495.74
25.6292090416 194.49 495.67
25.6450889111 194.53 495.71
25.6594688892 194.59 495.77
25.6750528812 194.55 495.73
25.6895000935 194.57 495.75
25.7049620152 194.57 495.75
25.7192280293 194.53 495.71
25.7346920967 194.51 495.69
25.7489449978 194.59 495.77
25.7645030022 194.59 495.77
25.7788589001 194.6 495.78
25.7943460941 194.54 495.72
25.8085749149 194.52 495.7
25.8243899345 194.58 495.76
25.8386790752 194.57 495.75
25.8540949821 194.56 495.74
25.8695120811 194.54 495.72
25.8862299919 194.51 495.69
25.900621891 194.54 495.72
25.9161880016 194.64 495.82
25.9306530952 194.53 495.71
25.9464259148 194.53 495.71
25.9608170986 194.55 495.73
25.9762248993 194.54 495.72
25.9905519485 194.56 495.74
26.0060639381 194.59 495.77
26.0205900669 194.62 495.8
26.0360059738 194.55 495.73
26.0514829159 194.52 495.7
26.0682110786 194.59 495.77
26.082572937 194.55 495.73
26.0981268883 194.59 495.77
26.1123600006 194.53 495.71
26.1279680729 194.62 495.8
26.142179966 194.46 495.64
26.1575920582 194.5 495.68
26.1718010902 194.55 495.73
26.18800807 194.49 495.67
26.2023179531 194.59 495.77
26.2178199291 194.59 495.77
26.2319560051 194.57 495.75
26.2474639416 194.55 495.73
26.2617919445 194.56 495.74
26.2773799896 194.59 495.77
26.2915508747 194.53 495.71
26.3070530891 194.55 495.73
26.3213839531 194.51 495.69
26.3369870186 194.62 495.8
26.3513040543 193.82 495.0
26.3667490482 191.75 492.93
26.3809769154 190.63 491.81
26.396723032 189.64 490.82
26.4111230373 188.98 490.16
26.4267981052 185.36 486.54
26.4411959648 182.99 484.17
26.4568750858 179.8 480.98
26.4713129997 178.07 479.25
26.4869539738 173.58 474.76
26.5013570786 170.66 471.84
26.5169069767 163.25 464.43
26.5313000679 159.34 460.52
26.5468978882 153.43 454.61
26.5613210201 151.65 452.83
26.5769839287 149.63 450.81
26.5913619995 150.62 451.8
26.6071140766 152.04 453.22
26.6215388775 152.02 453.2
26.6371738911 152.0 453.18
26.6515829563 152.08 453.26
26.6675930023 152.0 453.18
26.6820120811 152.02 453.2
26.6976819038 152.04 453.22
26.7130548954 152.0 453.18
26.729665041 152.02 453.2
26.7440459728 152.04 453.22
26.7597510815 151.99 453.17
26.7742369175 152.02 453.2
26.7898340225 151.98 453.16
26.8043289185 152.06 453.24
26.820002079 152.02 453.2
26.8345360756 152.02 453.2
26.850481987 152.04 453.22
26.8648350239 152.02 453.2
26.8804709911 152.74 453.92
26.8948349953 152.73 453.91
26.9105041027 150.94 452.12
26.9249889851 149.18 450.36
26.9406700134 143.09 444.27
26.9551229477 139.23 440.41
26.9707629681 132.18 433.36
26.985159874 128.73 429.91
27.0007638931 123.62 424.8
27.0151369572 122.44 423.62
27.0306389332 121.73 422.91
27.0449490547 120.64 421.82
27.0605359077 122.17 423.35
27.0749499798 128.81 429.99
27.0905489922 129.73 430.91
27.1049249172 130.12 431.3
27.1204779148 130.1 431.28
27.1348810196 130.44 431.62
27.1504759789 130.08 431.26
27.1648769379 130.41 431.59
27.1804900169 130.43 431.61
27.1951220036 130.28 431.46
27.210819006 130.45 431.63
27.2252578735 130.04 431.22
27.2409300804 130.46 431.64
27.2553730011 130.47 431.65
27.2709970474 130.16 431.34
27.2854640484 130.11 431.29
27.3010699749 130.5 431.68
27.315502882 129.37 430.55
27.3310720921 125.96 427.14
27.3455560207 119.34 420.52
27.3612959385 115.75 416.93
27.3756299019 110.84 412.02
27.3914880753 108.34 409.52
27.4058740139 103.1 404.28
27.4214820862 101.35 402.53
27.4359788895 97.88 399.06
27.4520390034 96.16 397.34
27.4664649963 95.51 396.69
27.4820389748 95.09 396.27
27.49635005 97.56 398.74
27.5118889809 98.25 399.43
27.5263369083 98.2 399.38
27.5419120789 98.26 399.44
27.5563440323 98.23 399.41
27.5719909668 98.2 399.38
27.5863630772 98.25 399.43
27.6020178795 98.19 399.37
27.6164190769 98.23 399.41
27.6321129799 98.25 399.43
27.6466300488 98.31 399.49
27.6622641087 98.18 399.36
27.6766850948 98.22 399.4
27.6936450005 96.16 397.34
27.7090210915 92.63 393.81
27.7258019447 90.54 391.72
27.7414040565 88.01 389.19
27.7581219673 86.98 388.16
27.7736558914 83.8 384.98
27.7903280258 79.02 380.2
27.8057439327 76.57 377.75
27.8225259781 71.68 372.86
27.8380599022 69.02 370.2
27.8548150063 64.45 365.63
27.8702549934 60.77 361.95
27.8868689537 60.04 361.22
27.9023449421 59.79 360.97
27.9190878868 60.04 361.22
27.9345600605 60.01 361.19
27.9512469769 60.08 361.26
27.9666140079 60.04 361.22
27.9834148884 60.08 361.26
27.9984099865 60.07 361.25
28.0142688751 60.04 361.22
28.029102087 60.03 361.21
28.0449109077 60.01 361.19
28.0595068932 60.15 361.33
28.0753250122 60.05 361.23
28.0898740292 60.02 361.2
28.1056308746 60.0 361.18
28.1202969551 60.07 361.25
28.1360709667 59.96 361.14
28.1507198811 60.04 361.22
28.1666328907 60.02 361.2
28.1813869476 60.04 361.22
28.1975719929 60.11 361.29
28.2123019695 60.07 361.25
28.2281899452 60.02 361.2
28.2429010868 60.05 361.23
28.2587170601 60.01 361.19
28.2732689381 60.04 361.22
28.2892079353 60.05 361.23
28.303591013 60.05 361.23
28.3192460537 60.02 361.2
28.3335399628 60.04 361.22
28.3490998745 60.04 361.22
28.3632719517 60.06 361.24
28.3788850307 59.99 361.17
28.3942019939 60.04 361.22
28.4108300209 62.85 364.03
28.4260480404 69.25 370.43
28.4427239895 72.33 373.51
28.4580330849 77.22 378.4
28.4746930599 79.68 380.86
28.4900269508 84.61 385.79
28.5066049099 89.81 390.99
28.5219929218 92.62 393.8
28.5386331081 97.89 399.07
28.5539519787 101.06 402.24
28.570497036 107.38 408.56
28.5858728886 111.17 412.35
28.6023879051 118.89 420.07
28.6177248955 122.78 423.96
28.6343579292 123.88 425.06
28.6493620872 125.86 427.04
28.6649320126 126.57 427.75
28.6793510914 128.02 429.2
28.694890976 128.28 429.46
28.7091829777 128.36 429.54
28.7246649265 128.3 429.48
28.7390739918 128.33 429.51
28.7545599937 128.72 429.9
28.7687330246 129.4 430.58
28.7842080593 129.75 430.93
28.7985038757 129.58 430.76
28.814027071 129.45 430.63
28.8282449245 129.38 430.56
28.8436720371 129.71 430.89
28.857943058 129.94 431.12
28.8735079765 130.48 431.66
28.8878200054 130.4 431.58
28.9033200741 130.54 431.72
28.9175319672 130.12 431.3
28.9330759048 129.77 430.95
28.9473500252 129.76 430.94
28.9628288746 129.78 430.96
28.9771358967 130.55 431.73
28.9926290512 132.9 434.08
29.0069460869 133.65 434.83
29.0224518776 135.7 436.88
29.0367259979 135.41 436.59
29.0521318913 135.41 436.59
29.0663890839 135.43 436.61
29.0818901062 135.37 436.55
29.0960419178 135.4 436.58
29.1115260124 135.47 436.65
29.1258430481 135.38 436.56
29.1412849426 135.32 436.5
29.1555469036 135.36 436.54
29.171022892 135.38 436.56
29.1854810715 135.43 436.61
29.2010560036 135.41 436.59
29.2152979374 135.4 436.58
29.2308158875 135.45 436.63
29.2450759411 135.42 436.6
29.2605888844 135.45 436.63
29.2748389244 135.41 436.59
29.2904338837 135.46 436.64
29.3046970367 135.31 436.49
29.3201980591 135.41 436.59
29.3344759941 130.8 431.98
29.350055933 131.21 432.39
29.3643820286 133.6 434.78
29.3800110817 144.93 446.11
29.3942689896 153.5 454.68
29.4098770618 172.87 474.05
29.4240820408 181.47 482.65
29.4398329258 196.07 497.25
29.4540848732 201.56 502.74
29.4697420597 207.92 509.1
29.4840118885 209.7 510.88
29.499557972 210.99 512.17
29.5137550831 210.96 512.14
29.5294220448 211.01 512.19
29.5437619686 211.02 512.2
29.5592589378 211.02 512.2
29.5735368729 211.01 512.19
29.5890939236 211.02 512.2
29.6033649445 211.03 512.21
29.6188778877 211.04 512.22
29.6330699921 210.99 512.17
29.6484920979 211.01 512.19
29.6627430916 210.99 512.17
29.6783709526 211.06 512.24
29.6927580833 211.05 512.23
29.7083339691 210.98 512.16
29.7226259708 210.99 512.17
29.7382540703 211.01 512.19
29.7525389194 211.01 512.19
29.7680430412 211.01 512.19
29.782269001 210.99 512.17
29.7978479862 210.99 512.17
29.8121030331 211.03 512.21
29.8276128769 210.96 512.14
29.8421781063 211.02 512.2
29.8577919006 211.01 512.19
29.8723819256 210.97 512.15
29.8879659176 211.01 512.19
29.9025769234 211.01 512.19
29.9182450771 210.97 512.15
29.9327800274 210.96 512.14
29.9483590126 211.02 512.2
29.9627809525 208.64 509.82
29.9782249928 210.33 511.51
29.9924860001 217.32 518.5
30.0084309578 221.09 522.27
30.02303195 228.13 529.31
30.0388050079 232.02 533.2
30.0531458855 242.28 543.46
30.0688259602 248.35 549.53
30.0832059383 260.69 561.87
30.0986731052 266.03 567.21
30.1129059792 275.96 577.14
30.1284070015 279.78 580.96
30.1427979469 286.39 587.57
30.158577919 288.17 589.35
30.1729910374 290.62 591.8
30.1887750626 291.32 592.5
30.203140974 291.68 592.86
30.2186949253 291.67 592.85
30.2329850197 290.58 591.76
30.2488319874 288.58 589.76
30.2633209229 286.52 587.7
30.2788529396 280.75 581.93
30.2932469845 277.67 578.85
30.3090429306 269.23 570.41
30.3234429359 260.45 561.63
30.3389029503 256.03 557.21
30.3532691002 252.15 553.33
30.3687160015 246.87 548.05
30.3829689026 245.75 546.93
30.3984379768 246.14 547.32
30.412653923 247.21 548.39
30.4281680584 251.1 552.28
30.4427421093 253.9 555.08
30.4584450722 258.91 560.09
30.4730370045 261.81 562.99
30.4892010689 268.47 569.65
30.5037720203 272.75 573.93
30.5197160244 281.11 582.29
30.534209013 283.85 585.03
30.5501580238 288.47 589.65
30.5647740364 289.5 590.68
30.5807089806 289.88 591.06
30.595197916 289.89 591.07
30.6109600067 288.41 589.59
30.6254348755 286.65 587.83
30.6413080692 281.45 582.63
30.6558890343 277.99 579.17
30.6717660427 271.67 572.85
30.6863019466 269.52 570.7
30.702452898 268.51 569.69
30.7175168991 270.24 571.42
30.7333679199 272.03 573.21
30.7479109764 276.55 577.73
30.7638180256 278.63 579.81
30.7786619663 282.86 584.04
30.7945070267 284.51 585.69
30.8090469837 287.43 588.61
30.8248689175 288.58 589.76
30.8393740654 289.51 590.69
30.855068922 290.16 591.34
30.8694970608 291.39 592.57
30.8853809834 292.44 593.62
30.899960041 294.84 596.02
30.9156460762 295.58 596.76
30.9301040173 297.72 598.9
30.946005106 299.18 600.36
30.9605970383 300.48 601.66
30.9770760536 301.24 602.42
30.9915480614 302.34 603.52
31.0073208809 302.3 603.48
31.0217039585 302.64 603.82
31.0373048782 303.02 604.2
31.0518460274 303.05 604.23
31.0674550533 302.98 604.16
31.081882 302.37 603.55
31.097465992 302.26 603.44
31.1120131016 301.18 602.36
31.1278619766 300.15 601.33
31.1434600353 296.69 597.87
31.1603150368 294.83 596.01
31.1747961044 291.76 592.94
31.1907789707 289.62 590.8
31.2050819397 284.93 586.11
31.2206439972 283.17 584.35
31.2350618839 280.04 581.22
31.2506270409 277.96 579.14
31.2649550438 274.5 575.68
31.280452013 272.48 573.66
31.2947618961 268.13 569.31
31.3103280067 265.94 567.12
31.3247449398 262.53 563.71
31.3403398991 260.75 561.93
31.3546440601 256.41 557.59
31.3703019619 253.88 555.06
31.3846728802 249.31 550.49
31.4002399445 247.52 548.7
31.4145240784 244.49 545.67
31.4299929142 242.96 544.14
31.4445059299 239.74 540.92
31.460201025 238.25 539.43
31.4745700359 236.31 537.49
31.4901640415 232.02 533.2
31.5044760704 229.52 530.7
31.5199770927 223.6 524.78
31.5343439579 219.75 520.93
31.5498869419 210.66 511.84
31.5643410683 205.84 507.02
31.5798299313 197.75 498.93
31.5941519737 195.34 496.52
31.6096000671 187.1 488.28
31.6238980293 185.39 486.57
31.6394488811 183.27 484.45
31.6537349224 181.95 483.13
31.6693480015 178.78 479.96
31.6837198734 176.97 478.15
31.699409008 174.14 475.32
31.7137169838 173.09 474.27
31.7292048931 170.69 471.87
31.7434399128 169.65 470.83
31.7589879036 169.24 470.42
31.7732849121 169.24 470.42
31.7888228893 171.04 472.22
31.803178072 171.02 472.2
31.8187739849 170.99 472.17
31.8331201077 171.01 472.19
31.8486778736 171.0 472.18
31.8629729748 171.1 472.28
31.8786180019 170.99 472.17
31.8929328918 171.04 472.22
31.9084949493 171.04 472.22
31.922837019 171.01 472.19
31.9384610653 171.01 472.19
31.9529299736 170.95 472.13
31.968556881 170.97 472.15
31.9828839302 171.1 472.28
31.9984939098 170.99 472.17
32.0126280785 171.01 472.19
32.0284790993 170.99 472.17
32.0428240299 171.04 472.22
32.0584049225 171.01 472.19
32.07269907 171.02 472.2
32.0880680084 167.14 468.32
32.1023240089 158.65 459.83
32.1178898811 156.95 458.13
32.1322209835 154.42 455.6
32.1477129459 152.04 453.22
32.1620690823 145.59 446.77
32.1775701046 143.15 444.33
32.1921710968 140.31 441.49
32.2079899311 134.41 435.59
32.2226490974 128.76 429.94
32.2383589745 125.19 426.37
32.2529189587 122.08 423.26
32.2686789036 121.99 423.17
32.2842199802 121.73 422.91
32.3010249138 121.82 423.0
32.3164820671 121.74 422.92
32.3330819607 121.74 422.92
32.3484909534 121.75 422.93
32.3651359081 121.77 422.95
32.3805940151 121.74 422.92
32.3973450661 121.77 422.95
32.4129109383 121.76 422.94
32.4295408726 121.72 422.9
32.4450719357 121.75 422.93
32.4616940022 121.77 422.95
32.4769859314 121.77 422.95
32.4927918911 121.73 422.91
32.507379055 121.76 422.94
32.5229709148 121.75 422.93
32.5374190807 121.74 422.92
32.5530180931 121.76 422.94
32.5674118996 121.75 422.93
32.5830080509 121.74 422.92
32.5973730087 121.73 422.91
32.6130208969 121.78 422.96
32.627407074 121.82 423.0
32.6429889202 121.74 422.92
32.6573860645 121.73 422.91
32.6730759144 121.75 422.93
32.6875109673 121.82 423.0
32.7031390667 121.71 422.89
32.7174179554 121.73 422.91
32.7329878807 121.82 423.0
32.7473139763 121.79 422.97
32.7630028725 121.81 422.99
32.7773010731 121.75 422.93
32.792994976 121.73 422.91
32.807363987 121.74 422.92
32.8228759766 121.78 422.96
32.8374979496 121.75 422.93
32.8531620502 121.77 422.95
32.8674750328 121.75 422.93
32.8831999302 121.81 422.99
32.8975229263 121.71 422.89
32.9132208824 121.76 422.94
32.9277739525 121.77 422.95
32.9434540272 121.82 423.0
32.9579110146 121.77 422.95
32.9735839367 121.69 422.87
32.9878940582 121.79 422.97
33.0035550594 121.7 422.88
33.018050909 121.71 422.89
33.0337970257 121.67 422.85
33.0483760834 121.74 422.92
33.0640978813 121.73 422.91
33.0785880089 121.78 422.96
33.0942690372 121.75 422.93
33.1087269783 121.73 422.91
33.1244440079 121.86 423.04
33.1388750076 121.73 422.91
33.1545729637 121.73 422.91
33.1689920425 121.78 422.96
33.185074091 121.72 422.9
33.1997668743 121.75 422.93
33.2157120705 121.79 422.97
33.2304410934 121.8 422.98
33.2461628914 121.78 422.96
33.260504961 121.73 422.91
33.2761929035 121.72 422.9
33.2907140255 121.74 422.92
33.3066079617 121.73 422.91
33.3209130764 121.82 423.0
33.3363609314 121.84 423.02
33.3506729603 121.78 422.96
33.3661921024 121.71 422.89
33.3805499077 121.74 422.92
33.3961238861 121.78 422.96
33.4103748798 121.77 422.95
33.4258430004 121.77 422.95
33.4401409626 121.75 422.93
33.4559640884 121.72 422.9
33.4704620838 121.79 422.97
33.4860908985 121.79 422.97
33.5004389286 121.79 422.97
33.5162038803 121.78 422.96
33.5306370258 121.72 422.9
33.5465390682 121.73 422.91
33.5610489845 121.79 422.97
33.5768020153 121.73 422.91
33.5911910534 121.75 422.93
33.606869936 121.73 422.91
33.6212439537 121.76 422.94
33.6368920803 121.69 422.87
33.6513340473 121.77 422.95
33.6671590805 121.76 422.94
33.6815268993 121.77 422.95
33.6972999573 121.75 422.93
33.7131118774 121.71 422.89
33.7299010754 121.73 422.91
33.7453079224 121.76 422.94
33.761920929 121.73 422.91
33.7773981094 121.84 423.02
33.7941050529 121.97 423.15
33.8096160889 121.77 422.95
33.8263130188 121.79 422.97
33.8418300152 121.9 423.08
33.8584079742 121.8 422.98
33.8738648891 121.78 422.96
33.8905870914 121.74 422.92
33.9059019089 121.8 422.98
33.9226438999 121.77 422.95
33.9380719662 121.78 422.96
33.9547538757 121.8 422.98
33.9700870514 121.74 422.92
33.98665905 121.75 422.93
34.002188921 121.82 423.0
34.0190720558 121.76 422.94
34.034487009 121.76 422.94
34.0512320995 121.79 422.97
34.0666320324 121.71 422.89
34.0833590031 121.7 422.88
34.0988080502 121.77 422.95
34.1153879166 121.74 422.92
34.1299870014 121.88 423.06
34.1459610462 121.75 422.93
34.1606860161 121.73 422.91
34.1768109798 121.73 422.91
34.1917159557 121.75 422.93
34.2077009678 121.73 422.91
34.2225990295 121.79 422.97
34.2385230064 121.78 422.96
34.2533268929 121.76 422.94
34.2691869736 121.72 422.9
34.2840640545 121.72 422.9
34.2999150753 121.77 422.95
34.3144600391 121.77 422.95
34.3302710056 121.75 422.93
34.3448700905 121.75 422.93
34.3606131077 121.79 422.97
34.375371933 121.82 423.0
34.3911929131 121.81 422.99
34.405862093 121.74 422.92
34.4216470718 121.75 422.93
34.4363510609 121.69 422.87
34.4523389339 121.85 423.03
34.4671158791 121.77 422.95
34.4831290245 121.8 422.98
34.497631073 121.68 422.86
34.5134429932 121.76 422.94
34.5282070637 121.79 422.97
34.5438210964 121.78 422.96
34.5582170486 121.76 422.94
34.5740048885 121.8 422.98
34.5887138844 121.75 422.93
34.6046741009 121.77 422.95
34.6193950176 121.82 423.0
34.6352679729 121.77 422.95
34.6498990059 121.78 422.96
34.6657719612 121.69 422.87
34.6804480553 121.7 422.88
34.6964299679 121.8 422.98
34.7110660076 121.78 422.96
34.7269289494 121.79 422.97
34.7416350842 121.8 422.98
34.7575531006 121.75 422.93
34.7723059654 121.77 422.95
34.7881810665 121.75 422.93
34.8029150963 121.82 423.0
34.8189229965 121.78 422.96
34.8336040974 121.74 422.92
34.8495669365 121.73 422.91
34.8643169403 121.82 423.0
34.880245924 121.71 422.89
34.8948719501 121.82 423.0
34.9108040333 121.84 423.02
34.9254069328 121.79 422.97
34.9414260387 121.8 422.98
34.9561009407 121.73 422.91
34.9719469547 121.78 422.96
34.9866359234 121.82 423.0
35.0026290417 121.73 422.91
35.0172889233 121.69 422.87
35.0333740711 121.71 422.89
35.0477650166 121.76 422.94
35.0635690689 121.8 422.98
35.0780320168 121.75 422.93
35.0937900543 121.77 422.95
35.1082229614 121.73 422.91
35.1238920689 121.7 422.88
35.1382889748 121.73 422.91
35.1540288925 121.75 422.93
35.168282032 121.73 422.91
35.1846320629 121.8 422.98
35.1992778778 121.68 422.86
35.2150969505 121.77 422.95
35.2295129299 121.8 422.98
35.2451920509 121.75 422.93
35.2596030235 121.75 422.93
35.2754399776 121.73 422.91
35.2899210453 121.73 422.91
35.3056759834 121.75 422.93
35.3201239109 121.83 423.01
35.3357450962 121.76 422.94
35.3503329754 121.75 422.93
35.365967989 121.74 422.92
35.3803219795 121.78 422.96
35.3960030079 121.71 422.89
35.4103579521 121.73 422.91
35.4260280132 121.76 422.94
35.4413559437 121.78 422.96
35.4582920074 121.73 422.91
35.4727759361 121.82 423.0
35.4884130955 121.82 423.0
35.5028879642 121.72 422.9
35.5185639858 121.7 422.88
35.532845974 121.8 422.98
35.5484509468 121.71 422.89
35.5626859665 121.76 422.94
35.5782060623 121.78 422.96
35.5924398899 121.72 422.9
35.6081140041 121.8 422.98
35.6223680973 121.73 422.91
35.6378419399 121.78 422.96
35.6520960331 121.74 422.92
35.6676719189 121.76 422.94
35.6819310188 121.75 422.93
35.6976048946 121.75 422.93
35.7120299339 121.8 422.98
35.7276349068 121.75 422.93
35.7418980598 121.76 422.94
35.7575109005 121.75 422.93
35.7717359066 121.75 422.93
35.7872650623 121.82 423.0
35.8016169071 121.78 422.96
35.8172359467 121.71 422.89
35.8315310478 121.73 422.91
35.8470818996 121.73 422.91
35.861413002 121.76 422.94
35.8770139217 121.75 422.93
35.8913369179 121.75 422.93
35.9068419933 121.77 422.95
35.9211089611 121.81 422.99
35.9365921021 121.78 422.96
35.9509489536 121.75 422.93
35.9667360783 121.76 422.94
35.9811980724 121.76 422.94
35.9969029427 121.78 422.96
36.0113139153 121.78 422.96
36.0274190903 121.78 422.96
36.0417900085 121.82 423.0
36.0573890209 121.74 422.92
36.0717508793 121.75 422.93
36.0875329971 121.75 422.93
36.1018378735 121.71 422.89
36.1175029278 121.77 422.95
36.1321048737 121.76 422.94
36.1479361057 121.77 422.95
36.1623749733 121.82 423.0
36.1780450344 121.71 422.89
36.1929190159 121.75 422.93
36.2135519981 121.7 422.88
36.2284169197 121.74 422.92
36.2442178726 121.78 422.96
36.2588911057 121.8 422.98
36.2748010159 121.75 422.93
36.2894339561 121.73 422.91
36.305314064 121.73 422.91
36.3198199272 121.82 423.0
36.3355751038 121.74 422.92
36.3501820564 121.76 422.94
36.3660650253 121.75 422.93
36.3807590008 121.76 422.94
36.3965959549 121.78 422.96
36.4112319946 121.73 422.91
36.427161932 121.77 422.95
36.4416999817 121.67 422.85
36.457545042 121.76 422.94
36.4722349644 121.75 422.93
36.488022089 121.78 422.96
36.5023601055 121.75 422.93
36.5181601048 121.78 422.96
36.5326089859 121.8 422.98
36.5481419563 121.73 422.91
36.5624299049 121.78 422.96
36.5779268742 121.75 422.93
36.5922288895 121.73 422.91
36.6078290939 121.81 422.99
36.6222128868 121.71 422.89
36.637804985 121.82 423.0
36.6521549225 121.7 422.88
36.6676020622 121.78 422.96
36.6819150448 121.71 422.89
36.697480917 121.79 422.97
36.7117679119 121.88 423.06
36.7271990776 121.76 422.94
36.7414090633 121.78 422.96
36.7568409443 121.73 422.91
36.7711009979 121.8 422.98
36.7865970135 121.74 422.92
36.8009090424 121.79 422.97
36.8164200783 121.73 422.91
36.830657959 121.75 422.93
36.8461339474 121.75 422.93
36.860450983 121.76 422.94
36.8760070801 121.77 422.95
36.8904008865 121.73 422.91
36.9059500694 121.76 422.94
36.9202549458 121.71 422.89
36.935683012 121.74 422.92
36.9500150681 121.74 422.92
36.9655489922 121.75 422.93
36.9800601006 121.72 422.9
36.9957520962 121.76 422.94
37.0101339817 121.8 422.98
37.0256009102 121.77 422.95
37.0398590565 121.74 422.92
37.0553929806 121.73 422.91
37.0696020126 121.67 422.85
37.0851659775 121.79 422.97
37.0994670391 121.77 422.95
37.1149840355 121.82 423.0
37.1292250156 121.84 423.02
37.1448168755 121.8 422.98
37.1591870785 121.76 422.94
37.1748518944 121.75 422.93
37.1894419193 121.75 422.93
37.2050869465 121.71 422.89
37.2194049358 121.7 422.88
37.2349801064 121.72 422.9
37.249327898 121.81 422.99
37.2650859356 121.78 422.96
37.2794020176 121.77 422.95
37.2949550152 121.9 423.08
37.3092880249 121.75 422.93
37.3247909546 121.71 422.89
37.3391189575 121.75 422.93
37.3548369408 121.72 422.9
37.3693408966 121.77 422.95
37.3852219582 121.78 422.96
37.3996009827 121.76 422.94
37.4152150154 121.69 422.87
37.4295060635 121.75 422.93
37.445348978 121.77 422.95
37.459843874 121.73 422.91
37.4756860733 121.75 422.93
37.4900379181 121.79 422.97
37.5056600571 121.75 422.93
37.5200400352 121.74 422.92
37.5355820656 121.71 422.89
37.5498700142 121.8 422.98
37.5653839111 121.76 422.94
37.5796849728 121.79 422.97
37.5951499939 121.8 422.98
37.6094238758 121.76 422.94
37.6248669624 121.75 422.93
37.6391808987 121.76 422.94
37.6548359394 121.77 422.95
37.6691019535 121.8 422.98
37.6846570969 121.83 423.01
37.6990499496 121.82 423.0
37.7147710323 121.77 422.95
37.7291009426 121.74 422.92
37.744535923 121.78 422.96
37.7589070797 121.76 422.94
37.7746059895 121.79 422.97
37.788944006 121.69 422.87
37.8044641018 121.75 422.93
37.8187150955 121.74 422.92
37.8342700005 121.72 422.9
37.8486418724 121.73 422.91
37.8642818928 121.89 423.07
37.8787128925 121.81 422.99
37.8944759369 121.77 422.95
37.9089379311 121.82 423.0
37.9246430397 121.83 423.01
37.9390630722 121.68 422.86
37.9547379017 121.73 422.91
37.9703259468 121.78 422.96
37.98706007 121.76 422.94
38.0025188923 121.74 422.92
38.0185220242 121.75 422.93
38.0328500271 121.73 422.91
38.0482909679 121.82 423.0
38.0626080036 121.73 422.91
38.0781309605 121.75 422.93
38.0923800468 121.79 422.97
38.1079070568 121.73 422.91
38.1221621037 121.84 423.02
38.1377189159 121.82 423.0
38.1520628929 121.73 422.91
38.1677129269 121.8 422.98
38.1822419167 121.78 422.96
38.1980528831 121.71 422.89
38.2125120163 121.75 422.93
38.2280669212 121.76 422.94
38.2423949242 121.76 422.94
38.2580220699 121.75 422.93
38.272382021 121.75 422.93
38.2880699635 121.8 422.98
38.3025650978 121.78 422.96
38.3181169033 121.8 422.98
38.3324429989 121.79 422.97
38.3480160236 121.78 422.96
38.3623220921 121.79 422.97
38.3778500557 121.75 422.93
38.3923239708 121.75 422.93
38.407959938 121.75 422.93
38.4223339558 121.77 422.95
38.437830925 121.82 423.0
38.4521429539 121.82 423.0
38.4677340984 121.78 422.96
38.4820621014 121.79 422.97
38.4977059364 121.75 422.93
38.5122439861 121.79 422.97
38.5278830528 121.76 422.94
38.542454958 121.7 422.88
38.5579600334 121.8 422.98
38.5734119415 121.72 422.9
38.5901770592 121.82 423.0
38.605602026 121.78 422.96
38.6224138737 121.8 422.98
38.6377689838 121.72 422.9
38.6544389725 121.76 422.94
38.6688129902 121.83 423.01
38.684376955 121.78 422.96
38.6986789703 121.75 422.93
38.7143199444 121.72 422.9
38.7286279202 121.75 422.93
38.7442140579 121.73 422.91
38.7587258816 121.73 422.91
38.7743520737 121.77 422.95
38.7886929512 121.81 422.99
38.8043189049 121.75 422.93
38.8186290264 121.73 422.91
38.8341639042 121.73 422.91
38.8484549522 121.76 422.94
38.8640170097 121.75 422.93
38.878371954 121.69 422.87
38.8939170837 121.73 422.91
38.9082789421 121.79 422.97
38.9239099026 121.73 422.91
38.9383299351 121.75 422.93
38.9539079666 121.73 422.91
38.9684350491 121.8 422.98
38.9842729568 121.67 422.85
38.998677969 121.8 422.98
39.0141699314 121.75 422.93
39.0286409855 121.72 422.9
39.0442900658 121.76 422.94
39.0586481094 121.85 423.03
39.0742990971 121.73 422.91
39.0886309147 121.75 422.93
39.1043140888 121.82 423.0
39.1186840534 121.79 422.97
39.1343750954 121.78 422.96
39.1487400532 121.71 422.89
39.1643939018 121.82 423.0
39.1787819862 121.77 422.95
39.1952130795 121.78 422.96
39.2097070217 121.75 422.93
39.2254168987 121.8 422.98
39.2399189472 121.73 422.91
39.2556669712 121.76 422.94
39.2699589729 121.8 422.98
39.2856669426 121.73 422.91
39.3001930714 121.78 422.96
39.3160989285 121.76 422.94
39.3304970264 121.82 423.0
39.3462259769 121.78 422.96
39.3606898785 121.74 422.92
39.3763680458 121.76 422.94
39.3908109665 121.78 422.96
39.40655303 121.78 422.96
39.4209430218 121.73 422.91
39.4366230965 121.99 423.17
39.4510970116 121.79 422.97
39.4669120312 121.76 422.94
39.481276989 121.81 422.99
39.4969990253 121.73 422.91
39.5114290714 121.73 422.91
39.5269999504 121.76 422.94
39.5415461063 121.71 422.89
39.5571219921 121.75 422.93
39.5715138912 121.72 422.9
39.5871479511 121.77 422.95
39.6016359329 121.76 422.94
39.6173210144 121.72 422.9
39.631649971 121.76 422.94
39.6472899914 121.71 422.89
39.6616969109 121.84 423.02
39.6774809361 121.79 422.97
39.6921970844 121.93 423.11
39.7081539631 121.73 422.91
39.7226018906 121.78 422.96
39.7383420467 121.73 422.91
39.7527968884 121.82 423.0
39.7685210705 121.73 422.91
39.7829699516 121.69 422.87
39.7987930775 121.76 422.94
39.8131389618 121.78 422.96
39.828840971 121.73 422.91
39.8433499336 121.71 422.89
39.8590989113 121.71 422.89
39.8733830452 121.76 422.94
39.8889319897 121.87 423.05
39.9045100212 121.78 422.96
39.921257019 121.76 422.94
39.9367671013 121.75 422.93
39.9535629749 121.77 422.95
39.9689691067 121.75 422.93
39.9858169556 121.76 422.94
40.0002629757 121.76 422.94
40.0164029598 121.77 422.95
40.0307939053 121.77 422.95
40.0465378761 121.8 422.98
40.061177969 121.78 422.96
40.0769128799 121.78 422.96
40.0913770199 121.8 422.98
40.1068089008 121.75 422.93
40.1212000847 121.81 422.99
40.136893034 121.88 423.06
40.1513869762 121.81 422.99
40.1671340466 121.77 422.95
40.1815850735 121.81 422.99
40.1977748871 121.81 422.99
40.2123119831 121.8 422.98
40.2280759811 121.75 422.93
40.2425971031 121.78 422.96
40.2583470345 121.74 422.92
40.2726960182 121.8 422.98
40.2882990837 121.84 423.02
40.3038840294 121.79 422.97
40.3207221031 121.75 422.93
40.336108923 121.82 423.0
40.352807045 121.78 422.96
40.368336916 121.75 422.93
40.3851521015 121.76 422.94
40.3997719288 121.7 422.88
40.4154009819 121.76 422.94
40.4298710823 121.74 422.92
40.4455270767 121.82 423.0
40.4599990845 121.78 422.96
40.4757320881 121.69 422.87
40.4901659489 121.68 422.86
40.50572896 121.72 422.9
40.5200109482 121.73 422.91
40.535656929 121.75 422.93
40.5499269962 121.71 422.89
40.565541029 121.76 422.94
40.5798270702 121.71 422.89
40.5958170891 121.69 422.87
40.6100549698 121.72 422.9
40.6255619526 121.7 422.88
40.6398940086 121.86 423.04
40.6555080414 121.75 422.93
40.6698560715 115.43 416.61
40.6853909492 111.98 413.16
40.7009189129 104.53 405.71
40.7177739143 97.57 398.75
40.7332420349 92.3 393.48
40.7501449585 81.77 382.95
40.7645940781 76.15 377.33
40.7801249027 67.87 369.05
40.7945070267 64.22 365.4
40.8101899624 59.65 360.83
40.8245029449 59.37 360.55
40.840102911 59.32 360.5
40.8545460701 59.29 360.47
40.8700909615 59.34 360.52
40.884857893 59.36 360.54
40.9003798962 59.42 360.6
40.9147410393 59.33 360.51
40.9302840233 59.32 360.5
40.9446649551 59.32 360.5
40.9602749348 59.25 360.43
40.9746890068 59.34 360.52
40.9903869629 59.43 360.61
41.0049300194 59.34 360.52
41.0205020905 59.68 360.86
41.0348119736 59.29 360.47
41.0504999161 59.32 360.5
41.0647399426 59.32 360.5
41.0801930428 58.76 359.94
41.0947299004 58.09 359.27
41.1102859974 56.52 357.7
41.1245920658 53.01 354.19
41.1401059628 50.49 351.67
41.1544001102 40.63 341.81
41.1701219082 32.59 333.77
41.1847860813 15.56 316.74
41.2005670071 8.69 309.87
41.214979887 1.97 303.15
41.2305600643 0.74 301.92
41.2449069023 -0.1 301.08
41.2603650093 1.64 302.82
41.2746350765 8.01 309.19
41.2901599407 13.33 314.51
41.3045449257 18.65 319.83
41.3201429844 18.93 320.11
41.3344190121 18.99 320.17
41.3498768806 18.97 320.15
41.3643341064 18.99 320.17
41.3800930977 19.09 320.27
41.3944969177 22.22 323.4
41.4101030827 24.54 325.72
41.4246230125 26.32 327.5
41.4402348995 26.03 327.21
41.4544708729 24.59 325.77
41.4700040817 21.11 322.29
41.4843070507 17.54 318.72
41.4998300076 7.28 308.46
41.5142199993 0.91 302.09
41.5297439098 347.43 313.75
41.5444879532 342.52 308.84
41.5600340366 337.3 303.62
41.574313879 336.77 303.09
41.5899300575 337.96 304.28
41.6042890549 339.31 305.63
41.6198461056 340.8 307.12
41.6341710091 340.79 307.11
41.6497569084 340.78 307.1
41.6639869213 340.79 307.11
41.6794888973 340.78 307.1
41.693860054 340.84 307.16
41.7093958855 340.76 307.08
41.7237730026 340.8 307.12
41.7395439148 340.84 307.16
41.7539019585 340.82 307.14
41.7695500851 338.95 305.27
41.7838220596 337.1 303.42
41.7993679047 330.43 296.75
41.8136100769 327.3 293.62
41.8292500973 320.68 287.0
41.8436238766 317.82 284.14
41.8593719006 312.11 278.43
41.8740129471 310.08 276.4
41.889674902 307.74 274.06
41.9040060043 307.58 273.9
41.919547081 307.94 274.26
41.9338788986 308.94 275.26
41.9494020939 310.37 276.69
41.9637839794 310.78 277.1
41.9793040752 310.7 277.02
41.9935390949 310.78 277.1
42.0095179081 310.79 277.11
42.0237360001 310.69 277.01
42.0392251015 310.93 277.25
42.0534720421 310.72 277.04
42.0689198971 310.43 276.75
42.0832800865 305.42 271.74
42.0987069607 301.23 267.55
42.1129329205 292.71 259.03
42.1283640862 289.53 255.85
42.1426360607 282.78 249.1
42.1581659317 280.03 246.35
42.1724879742 279.02 245.34
42.1882560253 279.77 246.09
42.2024319172 281.75 248.07
42.2178740501 291.43 257.75
42.2321078777 297.39 263.71
42.2474780083 305.48 271.8
42.2616040707 306.82 273.14
42.2770318985 307.03 273.35
42.2912008762 306.87 273.19
42.3065640926 306.12 272.44
42.3208870888 302.6 268.92
42.3364069462 296.63 262.95
42.3505530357 291.94 258.26
42.3659870625 281.42 247.74
42.3802850246 276.88 243.2
42.3959860802 271.37 237.69
42.410228014 269.56 235.88
42.4257280827 268.08 234.4
42.4400160313 267.73 234.05
42.4554889202 268.14 234.46
42.4698050022 268.12 234.44
42.4852678776 268.41 234.73
42.4994459152 268.47 234.79
42.5147938728 268.42 234.74
42.5290620327 268.54 234.86
42.5444729328 268.5 234.82
42.5587160587 265.29 231.61
42.5741689205 260.4 226.72
42.5884258747 246.22 212.54
42.6038269997 236.58 202.9
42.6180989742 215.16 181.48
42.6336400509 207.22 173.54
42.6478850842 200.84 167.16
42.6634008884 199.15 165.47
42.6780180931 196.0 162.32
42.6935811043 195.95 162.27
42.7078170776 195.97 162.29
42.7234520912 196.0 162.32
42.7376499176 195.96 162.28
42.7531979084 196.0 162.32
42.7674479485 196.01 162.33
42.783233881 195.99 162.31
42.7975208759 195.96 162.28
42.8130660057 195.95 162.27
42.8272759914 196.02 162.34
42.8427190781 196.02 162.34
42.8569059372 196.04 162.36
42.8724360466 196.0 162.32
42.8867108822 196.02 162.34
42.9022049904 196.0 162.32
42.9164988995 195.95 162.27
42.932008028 196.01 162.33
42.9462270737 196.01 162.33
42.9616949558 195.98 162.3
42.9761478901 196.0 162.32
42.9918088913 196.04 162.36
43.006084919 195.95 162.27
43.0215599537 195.97 162.29
43.0358579159 196.01 162.33
43.0513529778 196.0 162.32
43.0656180382 195.99 162.31
43.0811080933 195.99 162.31
43.0953829288 196.06 162.38
43.1109879017 195.95 162.27
43.1252710819 195.95 162.27
43.140871048 196.02 162.34
43.1551311016 195.95 162.27
43.1707348824 195.98 162.3
43.1851708889 196.0 162.32
43.2008280754 195.99 162.31
43.2151699066 195.97 162.29
43.2307178974 196.0 162.32
43.2451989651 195.98 162.3
43.2607550621 195.99 162.31
43.2752349377 195.95 162.27
43.2906970978 195.98 162.3
43.304970026 195.98 162.3
43.320638895 195.95 162.27
43.3349380493 195.95 162.27
43.3503980637 196.01 162.33
43.3648099899 195.99 162.31
43.3802940845 195.98 162.3
43.3945479393 196.05 162.37
43.4099938869 195.97 162.29
43.4242329597 196.0 162.32
43.4398069382 196.0 162.32
43.4541230202 196.03 162.35
43.4697699547 196.0 162.32
43.4841020107 195.98 162.3
43.4997000694 195.97 162.29
43.5138790607 196.05 162.37
43.5294539928 195.98 162.3
43.5436549187 195.97 162.29
43.5592460632 195.91 162.23
43.5735499859 195.96 162.28
43.5890920162 195.98 162.3
43.6032910347 196.0 162.32
43.6189119816 196.03 162.35
43.6332318783 195.95 162.27
43.6487779617 195.99 162.31
43.6630809307 195.98 162.3
43.6786370277 195.94 162.26
43.6930150986 195.98 162.3
43.7085299492 196.06 162.38
43.7228028774 195.98 162.3
43.738353014 195.99 162.31
43.7526330948 195.98 162.3
43.7682590485 196.0 162.32
43.7824668884 196.01 162.33
43.7980549335 195.97 162.29
43.8123579025 196.01 162.33
43.8278369904 196.02 162.34
43.8421399593 196.0 162.32
43.8575809002 196.06 162.38
43.871778965 196.02 162.34
43.8874590397 196.04 162.36
43.9016840458 195.98 162.3
43.9171550274 196.09 162.41
43.9315259457 195.98 162.3
43.94688797 195.98 162.3
43.9611730576 196.0 162.32
43.9767160416 196.06 162.38
43.9910509586 196.02 162.34
44.0066189766 196.02 162.34
44.021132946 196.01 162.33
44.0365719795 196.01 162.33
44.0508539677 195.99 162.31
44.0663630962 195.98 162.3
44.0807058811 195.98 162.3
44.0962080956 196.02 162.34
44.1105020046 195.98 162.3
44.1259069443 196.0 162.32
44.1408450603 196.01 162.33
44.1567358971 195.9 162.22
44.1713581085 196.02 162.34
44.1875588894 196.0 162.32
44.2021949291 195.96 162.28
44.218403101 195.98 162.3
44.2338829041 196.01 162.33
44.2505280972 195.97 162.29
44.2659258842 195.97 162.29
44.2826309204 195.95 162.27
44.2979769707 195.98 162.3
44.3147170544 196.01 162.33
44.3300719261 195.99 162.31
44.346601963 195.98 162.3
44.361702919 195.98 162.3
44.3774409294 195.98 162.3
44.3918409348 195.95 162.27
44.4074258804 195.97 162.29
44.4218080044 196.03 162.35
44.4373478889 195.96 162.28
44.4517309666 195.94 162.26
44.4673578739 195.99 162.31
44.4817419052 196.0 162.32
44.4974939823 195.98 162.3
44.5117778778 195.99 162.31
44.5273098946 196.04 162.36
44.5416040421 195.91 162.23
44.557213068 196.0 162.32
44.5714659691 195.98 162.3
